time,runtime
0.0010813,2.5808e-02
0.2170121,6.6209e-03
0.2248913,1.0148e-02
0.2368388,1.2225e-02
0.2504401,1.0799e-02
0.2631561,9.9880e-03
0.2745097,1.1870e-02
0.2874735,1.0612e-02
0.2995754,1.4367e-02
0.3151882,1.3477e-02
0.3300310,2.4997e-02
0.3563397,3.1885e-02
0.3895272,1.0172e-02
0.4013909,2.4099e-02
0.4266599,4.6179e-03
0.4326060,1.5782e-02
0.4499164,1.4285e-02
0.4655155,1.4490e-02
0.4811550,2.8366e-02
0.5115552,2.6815e-02
0.5402430,1.0923e-02
0.5526257,3.7540e-02
0.5914192,7.2946e-03
0.5999492,3.3248e-02
0.6344973,1.1736e-02
0.6476911,1.0965e-02
0.6608236,1.0746e-02
0.6727634,1.1453e-02
0.6854276,4.2897e-02
0.7294638,1.0850e-02
0.7414994,7.7602e-03
0.7503943,3.5604e-02
0.7876672,2.4777e-03
0.7914889,2.6177e-02
0.8189493,1.4028e-02
0.8344139,1.0482e-02
0.8462044,1.0473e-02
0.8578977,3.1631e-02
0.8908685,2.2916e-02
0.9160334,1.0764e-02
0.9287957,8.6025e-03
0.9390394,1.5348e-02
0.9554432,2.8619e-02
0.9854653,1.1794e-02
0.9986207,1.2016e-02
1.0117157,1.0779e-02
1.0237925,9.2911e-03
1.0344477,1.0809e-02
1.0469342,8.8949e-03
1.0573345,8.4619e-03
1.0670605,2.6626e-02
1.0964956,1.2130e-02
1.1107868,3.8038e-02
1.1501324,7.5520e-03
1.1590494,1.3369e-01
1.2949404,1.2713e-02
1.3088720,1.0669e-02
1.3207803,1.6550e-02
1.3387477,3.9915e-02
1.3807139,8.1381e-02
1.4633974,1.1046e-02
1.4759988,1.0464e-02
1.4881079,1.2348e-02
1.5017047,2.9394e-02
1.5325665,5.5482e-03
1.5394884,6.4129e-02
1.6047623,1.0268e-02
1.6162394,9.4570e-03
1.6270496,3.3924e-02
1.6622266,9.3389e-03
1.6727668,1.5033e-02
1.6891801,1.0338e-02
1.7007868,1.0580e-02
1.7127562,1.1247e-02
1.7253019,1.0150e-02
1.7367467,1.0168e-02
1.7482682,9.5587e-03
1.7590846,9.1411e-03
1.7694120,5.4294e-03
1.7766911,8.7925e-03
1.7868556,4.2095e-02
1.8305652,2.7893e-02
1.8596323,1.5747e-02
1.8769723,2.8825e-02
1.9080261,3.0244e-02
1.9394110,3.8799e-02
1.9795610,1.0230e-02
1.9914402,1.1861e-02
2.0048618,1.1221e-02
2.0178251,8.6349e-03
2.0286951,9.4392e-03
2.0393689,9.0164e-03
2.0496471,1.1781e-02
2.0627041,1.0661e-02
2.0747719,9.8694e-03
2.0862198,5.4988e-02
2.1424806,1.1630e-02
2.1565275,9.9561e-03
2.1679692,1.0544e-02
2.1799200,1.5572e-02
2.1969657,3.6875e-02
2.2351148,1.1296e-02
2.2478166,9.1985e-03
2.2583482,3.6113e-02
2.2958746,9.8552e-03
2.3072951,1.0958e-02
2.3194370,1.1053e-02
2.3318148,1.2156e-02
2.3453963,1.1621e-02
2.3581321,1.1225e-02
2.3706927,6.6522e-03
2.3791819,1.0439e-02
2.3911703,1.0681e-02
2.4029644,7.8495e-03
2.4121499,2.6433e-02
2.4398994,2.8544e-02
2.4698069,1.1365e-02
2.4826753,1.0147e-02
2.4941607,8.8934e-03
2.5040915,1.0632e-02
2.5161426,3.5168e-02
2.7906826,4.0292e-02
2.8321335,3.1494e-02
2.8646903,9.7487e-03
2.8765600,3.0064e-02
2.9078496,1.0137e-02
2.9192722,1.0949e-02
2.9318798,1.1471e-02
2.9447336,1.4241e-02
2.9603109,9.2612e-03
2.9710393,1.3921e-02
2.9864275,8.8337e-03
2.9965212,1.1608e-02
3.0096655,1.1131e-02
3.0222054,1.2609e-02
3.0360270,1.1282e-02
3.0487158,9.5954e-03
3.0598114,3.7384e-02
3.0993900,2.7593e-02
3.1284561,7.1647e-03
3.1371303,2.7157e-02
3.1656129,2.8694e-02
3.1961346,1.1030e-02
3.2086253,1.1072e-02
3.2212982,1.1307e-02
3.2337875,3.0832e-02
3.2663820,2.0619e-02
3.2884214,1.0163e-02
3.2998757,1.0582e-02
3.3119969,1.1275e-02
3.3246047,9.3401e-03
3.3353469,9.7337e-03
3.3477540,9.7373e-03
3.3587160,9.5156e-03
3.3693354,1.0615e-02
3.3810835,9.8521e-03
3.3922343,3.5185e-02
3.4286535,1.0208e-02
3.4403474,1.2610e-02
3.4554029,3.3889e-02
3.4908521,2.6838e-02
3.5190866,3.5377e-02
3.5557854,9.4239e-03
3.5666168,1.0955e-02
3.5789125,9.5613e-03
3.5897801,1.1202e-02
3.6045222,1.1043e-02
3.6167686,9.9622e-03
3.6281357,1.2030e-02
3.6415520,1.1846e-02
3.6545517,1.0372e-02
3.6665764,3.6062e-02
3.7044597,1.0342e-02
3.7164443,1.1449e-02
3.7298903,1.0945e-02
3.7420611,1.0536e-02
3.7542536,1.4964e-02
3.7703953,1.0116e-02
3.7819498,9.6620e-03
3.7927439,1.1259e-02
3.8054836,3.3278e-02
3.8400273,1.1521e-02
3.8529587,8.8097e-03
3.8629992,3.1326e-02
3.8955743,1.1998e-02
3.9088249,2.3415e-02
3.9354517,9.5649e-03
3.9466059,1.1020e-02
3.9595442,9.6310e-03
3.9705267,1.0695e-02
3.9824324,1.0935e-02
3.9949052,1.0698e-02
4.0076237,1.1701e-02
4.0207639,1.2902e-02
4.0349693,1.1738e-02
4.0481772,9.8841e-03
4.0601211,9.0454e-03
4.0704894,3.8197e-02
4.1099353,1.0017e-02
4.1210589,9.7661e-03
4.1320686,1.0774e-02
4.1440449,1.1305e-02
4.1566505,1.1684e-02
4.1700439,1.0419e-02
4.1816988,9.4301e-03
4.1922932,1.0428e-02
4.2039108,1.1064e-02
4.2162509,1.1166e-02
4.2286491,1.2034e-02
4.2422395,1.1750e-02
4.2557349,1.1133e-02
4.2685170,1.0770e-02
4.2804852,1.0122e-02
4.2919931,1.3041e-02
4.3063498,1.0055e-02
4.3176265,1.0392e-02
4.3293247,3.1773e-02
4.3623142,1.0756e-02
4.3746166,2.3054e-02
4.3988233,4.8143e-02
4.4481058,5.9177e-03
4.4553719,2.2339e-02
4.4789891,1.0247e-02
4.4908075,4.5428e-02
4.5378466,3.4288e-02
4.5734420,1.2459e-02
4.5869398,8.5667e-03
4.5968003,9.5843e-03
4.6081681,1.3872e-02
4.6235890,9.3097e-03
4.6340117,9.7309e-03
4.6456919,1.0576e-02
4.6575909,3.3584e-02
4.6923919,6.4210e-03
4.7000909,3.3319e-02
4.7349730,6.6043e-03
4.7428036,4.3749e-02
4.7882271,1.1344e-02
4.8009872,3.1193e-02
4.8333492,2.3604e-02
4.8581820,3.0674e-02
4.8899550,1.1484e-02
4.9031835,3.7796e-02
4.9423923,2.3311e-02
4.9670792,1.5459e-02
4.9842010,3.1060e-02
5.0175452,1.1855e-02
5.0306702,1.2181e-02
5.0442753,8.5430e-03
5.0543404,1.0679e-02
5.0665751,9.6051e-03
5.0776539,1.2045e-02
5.0909562,1.0505e-02
5.1026936,1.1005e-02
5.1147485,9.6071e-03
5.1259637,1.2084e-02
5.1393886,3.2501e-02
5.1731277,3.2924e-02
5.2073884,7.7752e-03
5.2163606,1.0153e-02
5.2281532,9.5694e-03
5.2388878,8.0761e-03
5.2485890,3.4410e-02
5.2845459,1.0917e-02
5.2968278,3.7377e-02
5.3353581,1.2231e-02
5.3488955,1.3290e-02
5.3636923,4.0397e-02
5.4052896,1.0162e-02
5.4167428,9.1198e-03
5.4282284,3.2395e-02
5.4622917,1.1132e-02
5.4745641,1.0035e-02
5.4860220,5.2041e-02
5.5394869,2.2117e-02
5.5628171,1.0785e-02
5.5749145,5.9083e-03
5.5822396,2.8912e-02
5.6122341,3.4464e-02
5.6480341,1.1960e-02
5.6617379,1.1438e-02
5.6744008,2.2242e-02
5.6978922,1.0196e-02
5.7092724,1.0278e-02
5.7210169,5.5544e-03
5.7283773,2.7326e-02
5.7570410,1.2866e-02
5.7713933,1.2447e-02
5.7849903,8.0702e-03
5.7941999,8.6452e-03
5.8060756,1.1409e-02
5.8191104,2.4407e-02
5.8447685,3.3942e-02
5.8802738,2.8372e-02
5.9102030,3.5734e-02
5.9489493,8.7996e-03
5.9592667,8.2607e-03
5.9688835,1.2430e-02
5.9830976,9.3840e-03
5.9939461,1.0512e-02
6.0058627,1.1862e-02
6.0193157,1.0617e-02
6.0312905,3.0632e-02
6.0633016,1.0909e-02
6.0761843,2.8806e-02
6.1065969,2.7718e-02
6.1353889,1.1206e-02
6.1478024,3.7793e-02
6.1868930,1.9326e-02
6.2078085,1.0641e-02
6.2197399,1.0490e-02
6.2336259,1.1125e-02
6.2463374,1.0571e-02
6.2583799,3.4867e-02
6.2946372,1.2035e-02
6.3079424,3.1780e-02
6.3411050,2.6487e-02
6.3690186,1.2390e-02
6.3835716,9.5462e-03
6.3943863,8.5289e-03
6.4044333,1.1793e-02
6.4193339,1.0302e-02
6.4310212,2.4337e-02
6.4568954,5.6681e-02
6.5159268,1.0434e-02
6.5275612,9.6222e-03
6.5383587,2.1719e-02
6.5620751,8.3825e-03
6.5718560,3.6683e-02
6.6096802,1.0715e-02
6.6224117,3.4910e-02
6.6586509,3.8071e-02
6.6979942,1.6599e-02
6.7158213,9.8344e-03
6.7272019,3.2068e-02
6.7603149,9.4914e-03
6.7708993,9.3931e-03
6.7815824,1.0495e-02
6.7939014,9.7109e-03
6.8048382,2.7805e-02
6.8339415,8.2962e-03
6.8435841,3.1794e-02
6.8768868,3.6027e-02
6.9144092,6.7337e-03
6.9225163,1.1034e-02
6.9348030,8.0551e-03
6.9453940,1.1438e-02
6.9583797,1.9707e-02
6.9794884,1.3424e-02
6.9943585,1.2194e-02
7.0078588,1.1280e-02
7.0202308,3.0306e-02
7.0518231,2.3812e-02
7.0768962,9.7284e-03
7.0879483,2.9980e-02
7.1191030,4.8290e-02
7.1685185,1.2645e-02
7.1828747,1.1377e-02
7.1955552,1.1340e-02
7.2088265,3.3520e-02
7.2448573,3.1728e-02
7.2777634,9.7904e-03
7.2890682,1.0034e-02
7.3005867,9.0128e-03
7.3106985,2.9491e-02
7.3415527,4.9535e-02
7.3941460,1.1206e-02
7.4064813,9.8066e-03
7.4177227,1.2607e-02
7.4317350,1.0340e-02
7.4433961,2.4548e-02
7.4692736,1.1633e-02
7.4824510,2.5235e-02
7.5093651,3.4015e-02
7.7955713,1.6562e-02
7.8145647,9.3288e-03
7.8254004,1.3233e-02
7.8399758,1.1864e-02
7.8530593,3.2514e-03
7.8572416,5.2219e-03
7.8645349,2.8241e-03
7.8687949,3.9906e-03
7.8739843,5.4955e-04
7.8757935,3.3766e-03
7.8804765,4.0604e-03
7.8856030,3.1564e-03
7.8900957,5.8043e-03
7.8971758,5.0710e-03
7.9058027,2.9335e-03
7.9098444,3.4018e-03
7.9143600,4.7470e-03
7.9202514,4.4602e-03
7.9257278,4.3746e-03
7.9313884,3.0064e-03
7.9356732,3.9076e-03
7.9406128,3.0470e-03
7.9447360,4.2172e-03
7.9501066,3.5161e-03
7.9546461,3.8487e-03
7.9595332,2.9663e-03
7.9635205,3.2662e-03
7.9687829,4.7848e-03
7.9749055,4.8035e-03
7.9811215,3.3635e-03
7.9854527,2.6272e-03
7.9893427,3.3033e-03
7.9939585,4.7680e-03
8.0000525,2.9222e-03
8.0045109,3.0639e-03
8.0087328,3.3202e-03
8.0130100,8.4461e-04
8.0158405,2.7608e-03
8.0200911,3.4383e-03
8.0246515,1.6499e-03
8.0272245,5.7003e-03
8.0344610,3.4254e-03
8.0391016,1.0131e-03
8.0412598,2.2314e-03
8.0445547,3.1719e-03
8.0491533,3.6548e-03
8.0540848,2.9572e-03
8.0584936,4.1053e-03
8.0654516,3.1627e-03
8.0697355,3.0942e-03
8.0742359,3.8842e-03
8.0796242,6.4972e-03
8.0871658,2.6795e-03
8.0912008,3.5176e-03
8.0959482,2.9289e-03
8.0998592,3.0754e-03
8.1050539,4.6902e-04
8.1067448,4.4447e-03
8.1124153,5.5239e-03
8.1194057,3.3216e-03
8.1237640,3.3888e-03
8.1281843,3.2697e-03
8.1324854,3.7134e-03
8.1374035,2.9695e-03
8.1429176,2.6142e-03
8.1468058,3.1716e-03
8.1512060,3.3807e-03
8.1560688,3.5387e-03
8.1611261,1.0825e-03
8.1637850,5.3514e-03
8.1701365,2.1102e-03
8.1749125,3.2545e-03
8.1806345,3.5143e-03
8.1856384,3.6601e-03
8.1904535,5.1083e-03
8.1965647,6.5506e-03
8.2041664,3.0276e-03
8.2084627,9.9455e-04
8.2104664,3.5057e-03
8.2149649,3.9552e-03
8.2202835,5.9204e-03
8.2271690,1.1788e-03
8.2296486,3.8521e-03
8.2345619,4.6521e-03
8.2403145,3.2057e-03
8.2452250,4.3854e-03
8.2507620,5.7136e-03
8.2574930,7.4784e-03
8.2671995,1.0796e-03
8.2692642,3.3950e-03
8.2740412,4.4346e-03
8.2796259,5.6974e-04
8.2815304,7.2188e-03
8.2898922,4.0484e-03
8.2952805,3.3295e-03
8.2995625,2.7024e-03
8.3033209,4.8228e-03
8.3091612,3.2762e-03
8.3137083,2.1931e-03
8.3184395,6.3453e-03
8.3258686,3.0573e-03
8.3303623,4.2069e-03
8.3356752,1.6024e-03
8.3382416,4.2931e-03
8.3436556,3.1116e-03
8.3479624,2.6590e-03
8.3518448,3.4589e-03
8.3564577,3.6926e-03
8.3613472,3.0745e-03
8.3654947,3.7390e-03
8.3705397,6.7680e-03
8.3784733,3.1356e-03
8.3831491,4.9532e-03
8.3891354,7.1724e-03
8.3973103,4.0645e-03
8.4025335,2.8903e-03
8.4064388,3.4602e-03
8.4112883,3.1860e-03
8.4155197,4.5311e-03
8.4211588,3.0391e-03
8.4254084,2.5962e-03
8.4290342,4.1829e-03
8.4348087,6.4488e-04
8.4367609,2.9382e-03
8.4410658,3.2128e-03
8.4455004,6.8433e-03
8.4533834,3.2216e-03
8.4578295,6.7207e-03
8.4657545,3.2046e-03
8.4703627,3.5380e-03
8.4750214,3.4425e-03
8.4799452,1.7054e-02
8.4984169,2.7756e-03
8.5029392,1.7507e-03
8.5059500,2.5071e-03
8.5096397,3.0428e-03
8.5139427,3.7237e-03
8.5187712,3.4864e-03
8.5234032,2.7732e-02
8.5521765,8.0126e-03
8.5615168,1.8959e-03
8.5644264,2.8302e-03
8.5681791,2.7529e-03
8.5719242,1.2196e-03
8.5745687,3.4060e-03
8.5790472,2.5481e-03
8.5826159,2.5911e-03
8.5864716,3.9473e-03
8.5914745,3.3404e-03
8.5960855,2.9088e-03
8.6000977,3.2602e-03
8.6044531,2.7352e-03
8.6084633,3.0675e-03
8.6128378,6.6368e-03
8.6204290,3.3236e-03
8.6248245,2.8609e-03
8.6287680,3.5448e-03
8.6333818,3.4809e-03
8.6381006,3.2016e-03
8.6427317,3.6731e-03
8.6483526,2.7889e-03
8.6524258,3.1455e-03
8.6568842,8.4770e-03
8.6666403,3.1842e-03
8.6713057,2.9224e-03
8.6758041,2.8957e-03
8.6800728,1.0113e-02
8.6916552,6.8608e-03
8.6994572,7.0037e-03
8.7076941,2.9461e-03
8.7118330,2.9125e-03
8.7161751,3.8769e-03
8.7210407,2.5373e-03
8.7246494,2.9510e-03
8.7290287,1.4519e-03
8.7318373,4.3291e-03
8.7372198,3.8362e-03
8.7421122,4.2010e-03
8.7474890,6.5584e-03
8.7550755,3.4747e-03
8.7596321,4.5094e-03
8.7658758,4.7906e-03
8.7717457,4.5787e-03
8.7779503,3.2580e-03
8.7822466,3.3215e-03
8.7866058,2.3152e-03
8.7902126,1.1807e-03
8.7935753,4.8890e-03
8.7994547,3.2098e-03
8.8049116,5.8118e-03
8.8119497,2.7203e-03
8.8161802,5.9376e-03
8.8232489,4.1818e-03
8.8285942,4.6109e-03
8.8342648,1.0183e-03
8.8363581,3.5906e-03
8.8416395,1.0717e-02
8.8532877,2.8055e-03
8.8574238,2.8429e-03
8.8614082,3.3803e-03
8.8660393,2.7250e-03
8.8698463,6.2080e-03
8.8773632,3.3945e-03
8.8818312,3.2218e-03
8.8861017,1.4768e-03
8.8887978,2.8327e-03
8.8927946,3.5450e-03
8.8973007,5.2052e-03
8.9037294,3.9719e-03
8.9086008,2.6889e-03
8.9127760,4.8738e-03
8.9188194,1.2308e-03
8.9213657,1.8152e-03
8.9241486,4.2050e-03
8.9297161,3.3199e-03
8.9340401,3.4529e-03
8.9399967,3.0015e-03
8.9445477,2.7484e-03
8.9501295,2.7633e-03
8.9538317,1.3729e-03
8.9562893,2.2556e-03
8.9596395,5.4493e-03
8.9666042,3.2857e-03
8.9718065,2.7653e-03
8.9757605,3.4982e-03
8.9806414,4.7094e-03
8.9867210,3.5124e-03
8.9913416,2.7670e-03
8.9951258,1.3014e-03
8.9975939,5.6280e-03
9.0042782,3.7273e-03
9.0089874,2.5243e-03
9.0134621,8.0567e-04
9.0154638,3.2710e-03
9.0204754,2.9225e-03
9.0246315,4.0525e-03
9.0297718,4.1268e-03
9.0351791,3.8914e-03
9.0401411,5.3000e-03
9.0467110,3.6376e-03
9.0522127,3.1494e-03
9.0565891,3.4914e-03
9.0611734,3.4123e-03
9.0655861,6.1684e-03
9.0747395,3.8553e-03
9.0796957,2.0839e-03
9.0828304,3.7566e-03
9.0877523,2.8004e-03
9.0917215,6.1542e-03
9.0992994,3.6007e-03
9.1039762,3.6404e-03
9.1086388,3.3479e-03
9.1131449,5.9663e-03
9.1201820,2.9907e-03
9.1249762,2.8862e-03
9.1291323,6.4302e-03
9.1366491,3.8434e-03
9.1418581,3.2146e-03
9.1465731,1.3120e-03
9.1489811,5.0025e-03
9.1554947,2.9889e-03
9.1595201,2.9241e-03
9.1636992,3.8756e-03
9.1686831,1.8280e-03
9.1727362,2.9724e-03
9.1774187,1.8671e-03
9.1803913,3.6432e-03
9.1853027,3.9964e-03
9.1906128,5.4536e-03
9.1971703,2.4693e-03
9.2026033,3.9866e-03
9.2076778,1.9179e-03
9.2112303,2.6120e-03
9.2181473,2.0073e-03
9.2214966,3.0968e-03
9.2260513,3.1222e-03
9.2307491,3.8637e-03
9.2359858,2.9624e-03
9.2403669,2.6596e-03
9.2455740,2.9247e-03
9.2497206,3.3402e-03
9.2547340,1.6958e-03
9.2584791,1.5023e-03
9.2612152,2.5764e-03
9.2661304,3.1299e-03
9.2707243,3.1222e-03
9.2752275,6.7434e-03
9.2830849,3.5068e-03
9.2879200,5.9012e-03
9.2950869,7.2061e-04
9.2968044,1.7058e-03
9.3004351,1.8156e-03
9.3035975,3.9783e-03
9.3090963,3.8084e-03
9.3140898,3.5269e-03
9.3186474,6.8212e-03
9.3268671,2.7824e-03
9.3319626,2.9643e-03
9.3363800,3.3507e-03
9.3408298,7.6224e-04
9.3427134,3.5533e-03
9.3474350,4.0993e-03
9.3530760,3.4374e-03
9.3578997,3.2167e-03
9.3622532,3.7958e-03
9.3671122,1.2214e-02
9.3804827,3.1725e-03
9.3847685,2.7771e-03
9.3887548,3.5551e-03
9.3934088,3.8881e-03
9.3988838,2.8723e-03
9.4030685,2.8922e-03
9.4073105,1.8251e-03
9.4101362,2.5172e-03
9.4137859,3.5707e-03
9.4184103,4.4987e-03
9.4239120,3.6107e-03
9.4286566,5.4136e-03
9.4351988,3.6525e-03
9.4401093,3.6380e-03
9.4451151,4.0436e-03
9.4502211,3.5307e-03
9.4551315,2.9967e-03
9.4595461,3.4005e-03
9.4643307,3.4355e-03
9.4688721,3.3531e-03
9.4734316,3.8038e-03
9.4805250,4.8878e-03
9.4864006,3.3938e-03
9.4911242,2.6746e-03
9.4950266,2.7996e-03
9.4992809,1.7479e-03
9.5022297,5.7309e-03
9.5093145,3.6285e-03
9.5142326,3.4813e-03
9.5187960,4.0318e-03
9.5237913,1.6250e-03
9.5266953,5.1612e-03
9.5347548,1.5455e-03
9.5375528,3.6063e-03
9.5421686,3.8268e-03
9.5470142,4.0150e-03
9.5524864,3.2440e-03
9.5569086,3.7959e-03
9.5617990,3.9486e-03
9.5667410,5.0433e-03
9.5728312,3.2249e-03
9.5774775,3.3449e-03
9.5819311,3.3241e-03
9.5862617,3.0270e-03
9.5903988,3.7525e-03
9.5954247,3.6219e-03
9.6005201,3.7339e-03
9.6055002,3.1954e-03
9.6099653,1.4759e-03
9.6124697,1.7610e-02
9.6315813,1.6249e-03
9.6344852,1.3650e-03
9.6369734,3.2884e-03
9.6412764,3.3690e-03
9.6456633,2.8112e-03
9.6495008,3.4615e-03
9.6548138,3.4350e-03
9.6597385,3.5436e-03
9.6644592,5.2587e-03
9.6708441,2.6417e-03
9.6745615,4.4842e-03
9.6804123,3.1075e-03
9.6853695,3.6044e-03
9.6908627,3.0945e-03
9.6953268,3.7705e-03
9.7001772,3.9772e-03
9.7053356,2.3191e-03
9.7094984,5.0715e-03
9.7156458,5.0908e-04
9.7175722,5.2984e-03
9.7243662,2.7883e-03
9.7285252,6.5090e-03
9.7364054,3.6825e-03
9.7412281,6.3556e-03
9.7493572,3.2568e-03
9.7537804,3.2703e-03
9.7584190,2.8763e-03
9.7624855,8.6573e-04
9.7645044,3.5319e-03
9.7694092,3.5721e-03
9.7742443,2.1132e-03
9.7775784,3.3161e-03
9.7820473,2.8109e-03
9.7860365,6.3039e-04
9.7906199,3.7012e-03
9.7956038,2.8957e-03
9.7997618,3.8341e-03
9.8064346,3.5312e-03
9.8110857,3.6413e-03
9.8160896,1.6169e-03
9.8209457,1.1984e-03
9.8235102,1.0093e-03
9.8257179,3.2484e-03
9.8302088,1.9091e-03
9.8357868,3.8104e-03
9.8408508,3.2204e-03
9.8454962,3.6973e-03
9.8504076,2.9305e-03
9.8549471,3.3895e-03
9.8593597,3.3437e-03
9.8640747,3.4977e-03
9.8689833,3.1678e-03
9.8734360,5.3238e-03
9.8799353,3.7623e-03
9.8848963,3.7360e-03
9.8902864,3.1759e-03
9.8945093,4.0237e-03
9.8999033,3.7877e-03
9.9050369,2.8114e-03
9.9095783,2.7329e-03
9.9137344,2.9841e-03
9.9178658,3.5377e-03
9.9228306,2.7084e-03
9.9268608,3.5682e-03
9.9342356,2.2663e-03
9.9378347,3.0906e-03
9.9418268,3.5768e-03
9.9471455,3.4762e-03
9.9517727,3.6678e-03
9.9587784,4.5194e-03
9.9643345,4.1572e-03
9.9698315,3.3535e-03
9.9743662,3.3151e-03
9.9792986,3.4944e-03
9.9842625,1.5879e-03
9.9871330,3.4430e-03
9.9917774,1.7426e-03
9.9951839,3.1011e-03
9.9992895,5.0945e-03
10.0077229,3.9616e-03
10.0126495,2.2051e-03
10.0164585,3.5229e-03
10.0212221,3.7777e-03
10.0268402,3.3834e-03
10.0315428,3.4226e-03
10.0364370,2.9016e-03
10.0406761,5.8144e-04
10.0424852,6.9091e-03
10.0504818,4.2427e-03
10.0558710,3.2716e-03
10.0603304,3.0769e-03
10.0649137,4.1010e-03
10.0703297,6.2090e-03
10.0799065,3.5275e-03
10.0850182,2.9548e-03
10.0897808,2.1896e-03
10.0929565,1.1818e-03
10.0957355,1.5900e-03
10.0987825,3.6454e-03
10.1036711,3.2542e-03
10.1080265,5.2546e-03
10.1142893,3.1457e-03
10.1187210,3.8755e-03
10.1238289,3.4219e-03
10.1284513,3.8330e-03
10.1336279,2.0174e-03
10.1372366,3.0971e-03
10.1419067,4.3212e-03
10.1475220,5.8604e-03
10.1568747,4.3198e-03
10.1633224,2.2608e-03
10.1682749,1.2056e-03
10.1713114,2.5107e-03
10.1769800,2.8268e-03
10.1810255,3.3283e-03
10.1856441,2.9755e-03
10.1900091,1.9681e-03
10.1931458,3.2966e-03
10.1978483,6.6971e-03
10.2062273,2.5176e-03
10.2102365,3.5746e-03
10.2165079,3.4502e-03
10.2219915,2.5557e-03
10.2259369,5.2386e-03
10.2324390,7.8613e-04
10.2342682,2.9046e-03
10.2384558,3.4259e-03
10.2438555,2.9514e-03
10.2479868,2.9580e-03
10.2522783,5.0916e-03
10.2586803,3.4553e-03
10.2661877,3.6741e-03
10.2711687,3.3979e-03
10.2757015,2.2905e-03
10.2800350,3.2798e-03
10.2867041,3.6076e-03
10.2915535,1.7193e-03
10.2952442,4.7405e-03
10.3014126,4.3739e-03
10.3072300,4.4401e-03
10.3129835,2.0680e-03
10.3166094,6.1174e-03
10.3240700,3.2248e-03
10.3288746,3.7838e-03
10.3344202,3.2738e-03
10.3391657,3.5410e-03
10.3456392,6.5893e-03
10.3534336,3.1051e-03
10.3580637,3.4528e-03
10.3629417,3.8523e-03
10.3679714,5.8211e-03
10.3760366,3.2018e-03
10.3804159,6.9029e-03
10.3885279,3.5093e-03
10.3942633,2.5787e-03
10.3979540,2.9797e-03
10.4029226,7.0208e-03
10.4117393,4.1630e-03
10.4199629,2.9675e-03
10.4243288,4.1519e-03
10.4298372,3.0865e-03
10.4340868,4.5565e-03
10.4400377,3.1237e-03
10.4445677,5.9390e-03
10.4518061,4.8103e-03
10.4579916,3.2258e-03
10.4628592,3.3479e-03
10.4675503,3.4358e-03
10.4722137,3.5481e-03
10.4770517,3.1656e-03
10.4822168,1.3694e-03
10.4866962,5.2391e-03
10.4931479,3.6932e-03
10.5010891,3.5006e-03
10.5058270,3.6141e-03
10.5121546,2.6798e-03
10.5195103,6.6485e-03
10.5275517,5.8808e-03
10.5347462,3.2624e-03
10.5427732,3.5285e-03
10.5473986,1.0665e-03
10.5506182,3.3426e-03
10.5556297,3.4176e-03
10.5612402,3.8237e-03
10.5679512,2.7212e-03
10.5728140,2.1626e-03
10.5761156,2.8520e-03
10.5802984,1.2253e-03
10.5836725,7.8532e-04
10.5857878,2.7221e-03
10.5898523,3.5845e-03
10.5954094,3.1641e-03
10.5995970,3.4735e-03
10.6045313,3.0794e-03
10.6088343,3.3761e-03
10.6133080,3.4850e-03
10.6187582,5.5850e-03
10.6256447,3.2135e-03
10.6304493,2.8288e-03
10.6344461,3.0345e-03
10.6386461,9.1855e-04
10.6409864,1.4353e-03
10.6438961,3.6058e-03
10.6488895,3.2405e-03
10.6533051,2.4568e-03
10.6571779,3.5962e-02
10.6947403,3.1485e-02
10.7277193,3.1051e-02
10.7602816,3.9246e-02
10.8017778,4.8589e-03
10.8077822,3.4220e-03
10.8126297,3.6489e-03
10.8174620,3.2249e-03
10.8216372,3.9519e-03
10.8269968,2.9464e-02
10.8575583,2.7437e-03
10.8641739,4.3942e-03
10.8701572,2.8599e-03
10.8741512,5.6223e-03
10.8836279,4.0147e-03
10.8887911,3.1031e-03
10.8932686,1.1759e-02
10.9062424,1.0138e-02
10.9176760,6.1848e-03
10.9252157,3.7784e-02
10.9648380,1.0435e-02
10.9771862,8.0566e-03
10.9867678,1.5533e-02
11.0052910,1.5412e-02
11.0233068,1.1286e-02
11.0358839,1.1083e-02
11.0483484,1.4950e-02
11.0672979,1.5335e-02
11.0857239,2.8877e-02
11.1158285,1.0913e-02
11.1290493,1.0663e-02
11.1423082,7.9827e-03
11.1515417,1.1166e-02
11.1662550,3.3299e-02
11.2011251,1.0901e-02
11.2134743,1.0442e-02
11.2254267,8.2710e-03
11.2351532,1.1038e-02
11.2474556,3.7167e-02
11.2864552,1.0110e-02
11.2980165,3.6114e-02
11.3373137,1.3947e-02
11.3530846,1.0951e-02
11.3688231,3.4978e-02
11.4052010,1.1340e-02
11.4178905,1.5556e-01
11.5748796,3.2631e-03
11.5798426,2.8480e-03
11.5839596,4.0409e-03
11.5897455,1.2319e-03
11.5926762,3.5692e-03
11.5973530,1.2115e-03
11.5997257,3.4268e-03
11.6068640,3.9331e-03
11.6137495,2.9723e-03
11.6181355,3.9628e-03
11.6232882,2.1065e-02
11.6456709,2.7373e-03
11.6523733,3.5091e-03
11.6586399,2.8556e-03
11.6629038,2.9358e-03
11.6669874,3.2936e-03
11.6717386,3.6089e-03
11.6770315,3.6644e-03
11.6824875,3.6620e-03
