time,runtime
0.0007355,4.6038e-04
0.0133564,3.8713e-04
0.0308991,4.6783e-04
0.0440598,4.2240e-04
0.0742511,5.2007e-04
0.0915688,4.0352e-04
0.1044868,4.2524e-04
0.1136620,3.2571e-04
0.1251278,3.1655e-04
0.1428329,4.2304e-04
0.1608390,3.8024e-04
0.1758438,5.5008e-04
0.1864829,3.8399e-04
0.2002984,3.6933e-04
0.2420690,4.1000e-04
0.2675113,4.0267e-04
0.2759099,6.9935e-04
0.2858860,4.2233e-04
0.2963362,3.1805e-04
0.3067623,3.5264e-04
0.3298901,3.1885e-04
0.3412722,4.0759e-04
0.4025191,4.3995e-04
0.4136303,3.7516e-04
0.4422771,4.6130e-04
0.4714801,3.0126e-04
0.4836567,3.4737e-04
0.4961049,4.3130e-04
0.5168036,3.6603e-04
0.5276328,3.7754e-04
0.5463628,3.5176e-04
0.5597751,3.8693e-04
0.6059242,4.0322e-04
0.6452758,4.5904e-04
0.6557385,4.2934e-04
0.6927614,4.1679e-04
0.7034469,3.9565e-04
0.7125820,3.7803e-04
0.7237629,4.3314e-04
0.7338517,3.5834e-04
0.7733616,3.6638e-04
0.7851526,5.6612e-04
0.7991756,3.8548e-04
0.8102210,4.2535e-04
0.8233303,4.0605e-04
0.8487653,3.6643e-04
0.8710976,5.2925e-04
0.8810453,4.5603e-04
0.8897531,4.0327e-04
0.9023798,4.0974e-04
0.9127001,4.6946e-04
0.9253618,3.3364e-04
0.9382007,5.0333e-04
0.9678017,3.4818e-04
0.9800962,4.2210e-04
0.9936618,4.4091e-04
1.0073483,4.8157e-04
1.0198315,5.6247e-04
1.0344374,4.2118e-04
1.0468258,3.4050e-04
1.0615741,3.4764e-04
1.0742534,5.8823e-04
1.0885602,4.4811e-04
1.1018714,4.4297e-04
1.1123084,3.6241e-04
1.1253095,3.6376e-04
1.1574655,4.6000e-04
1.1951873,3.8971e-04
1.5276231,6.0690e-04
1.6387558,4.8997e-04
1.6793290,3.9817e-04
1.6934429,4.8040e-04
1.7065248,6.8264e-04
1.7201438,4.8233e-04
1.7324615,5.8217e-04
1.7732724,3.9492e-04
1.7859874,3.8082e-04
1.7987685,4.4701e-04
1.8109857,4.5370e-04
1.8229454,4.0982e-04
1.8331554,2.9539e-04
1.8425220,4.1889e-04
1.8553095,4.9548e-04
1.8688638,4.1265e-04
1.8817097,3.9072e-04
1.8946558,3.8366e-04
1.9051214,3.5835e-04
1.9157748,4.4283e-04
1.9265630,4.1594e-04
1.9391249,4.5556e-04
1.9633648,4.9485e-04
1.9943069,3.5854e-04
2.0045650,4.7756e-04
2.0138116,4.9367e-04
2.0264206,3.8161e-04
2.0382693,3.6467e-04
2.0478425,4.3447e-04
2.0575082,3.1770e-04
2.0679066,3.9225e-04
2.0780745,3.8613e-04
2.0902214,4.2156e-04
2.1025724,3.9267e-04
2.1149182,4.0767e-04
2.1422453,4.4883e-04
2.1521041,4.4945e-04
2.1658156,3.6454e-04
2.1913288,4.4289e-04
2.2044866,3.4611e-04
2.2171793,4.6538e-04
2.2294412,3.3155e-04
2.2398105,4.5331e-04
2.2578146,5.1131e-04
2.2707131,3.7248e-04
2.2802668,4.3347e-04
2.2929609,4.2110e-04
2.3033924,4.9583e-04
2.3153872,4.0514e-04
2.3266606,4.0608e-04
2.3536253,3.6911e-04
2.3657565,5.2917e-04
2.3791177,3.4957e-04
2.3913527,4.2967e-04
2.4029019,4.5691e-04
2.4157457,3.8823e-04
2.4470015,4.7296e-04
2.4588566,4.6613e-04
2.4683549,4.5070e-04
2.4864218,3.9603e-04
2.4969454,4.5952e-04
2.5068660,3.9642e-04
2.5175982,3.6297e-04
2.5372486,4.5925e-04
2.5591500,3.8779e-04
2.5700932,3.9058e-04
2.5828061,4.9062e-04
2.5961661,3.2223e-04
2.6075706,4.7684e-04
2.6214163,3.6593e-04
2.6582396,3.7414e-04
2.6849775,4.3620e-04
2.7031400,5.7424e-04
2.7299175,4.0630e-04
2.7427657,3.9507e-04
2.7543271,3.0667e-04
2.7630653,3.8820e-04
2.7767122,4.2185e-04
2.8053577,3.5689e-04
2.8397858,4.3388e-04
2.8502388,3.8504e-04
2.8622787,3.5937e-04
2.8747106,5.9075e-04
2.8873141,4.1192e-04
2.8996725,4.7456e-04
2.9115076,3.3845e-04
2.9320221,4.5887e-04
2.9435275,4.7737e-04
2.9572806,5.8582e-04
2.9693112,5.0908e-04
2.9815452,4.0412e-04
2.9915452,3.6914e-04
3.0034468,3.7047e-04
3.0148027,5.9618e-04
3.0275018,3.5889e-04
3.0398214,3.5645e-04
3.0526669,5.2327e-04
3.0664530,4.1883e-04
3.0771987,4.2703e-04
3.0907500,4.7686e-04
3.1230619,4.4824e-04
3.1343701,4.5859e-04
3.1468501,3.7937e-04
3.1515911,3.0813e-04
3.1548285,2.8276e-04
3.1618235,2.9745e-04
3.1670239,3.2592e-04
3.1711638,3.4467e-04
3.1770325,3.0884e-04
3.1856065,3.6600e-04
3.1912394,3.1043e-04
3.1964099,3.1090e-04
3.2014832,3.3027e-04
3.2092137,3.0674e-04
3.2141261,2.8058e-04
3.2213945,3.1980e-04
3.2244110,3.1363e-04
3.2297468,3.2906e-04
3.2346179,3.1827e-04
3.2514119,3.2477e-04
3.2572415,3.1184e-04
3.2605963,3.1014e-04
3.2652004,2.2407e-04
3.2704854,3.4158e-04
3.2771840,3.3402e-04
3.2805393,3.1134e-04
3.2972832,4.0553e-04
3.3017173,3.2401e-04
3.3074436,3.3190e-04
3.3126531,3.5023e-04
3.3188481,3.1306e-04
3.3237765,4.2105e-04
3.3299549,4.9315e-04
3.3377490,3.4871e-04
3.3427060,2.1805e-04
3.3493848,4.2035e-04
3.3524354,2.9263e-04
3.3561578,2.9555e-04
3.3622503,2.6616e-04
3.3679082,3.5836e-04
3.3732867,3.1234e-04
3.3805985,3.8095e-04
3.3862655,3.0823e-04
3.3941877,3.1285e-04
3.3981493,2.6152e-04
3.4028771,3.5308e-04
3.4066887,3.2888e-04
3.4117846,3.0171e-04
3.4176736,3.5164e-04
3.4227006,3.4811e-04
3.4286587,3.1531e-04
3.4314706,3.4661e-04
3.4361460,3.7703e-04
3.4385149,3.1459e-04
3.4426425,3.3885e-04
3.4483445,3.5111e-04
3.4548881,2.7834e-04
3.4596961,4.2691e-04
3.4629703,2.8844e-04
3.4677072,3.0067e-04
3.4736853,3.9511e-04
3.4780478,3.3966e-04
3.4827089,3.6097e-04
3.4888587,3.8741e-04
3.4950581,2.5004e-04
3.5001137,3.6844e-04
3.5049601,3.3775e-04
3.5100961,3.0996e-04
3.5128753,2.8605e-04
3.5177646,3.2760e-04
3.5223527,3.3011e-04
3.5249701,3.2174e-04
3.5299964,2.8772e-04
3.5355616,3.3435e-04
3.5403693,3.6767e-04
3.5459890,2.8423e-04
3.5497262,2.8723e-04
3.5546422,3.2221e-04
3.5591893,3.6695e-04
3.5650685,3.9444e-04
3.5685849,3.2814e-04
3.5750914,2.7240e-04
3.5819087,3.3370e-04
3.5874426,2.6331e-04
3.5918264,2.8781e-04
3.5990083,3.2174e-04
3.6029270,3.3296e-04
3.6085324,2.8443e-04
3.6143031,3.7759e-04
3.6190770,3.9820e-04
3.6240592,3.0968e-04
3.6286547,2.8668e-04
3.6358120,3.1207e-04
3.6402714,2.8977e-04
3.6531549,2.5318e-04
3.6593380,2.8342e-04
3.6637175,2.9678e-04
3.6683373,3.0324e-04
3.6733088,2.6124e-04
3.6776714,3.0069e-04
3.6832597,3.1505e-04
3.6909711,2.6772e-04
3.6940339,3.2157e-04
3.6999116,3.0714e-04
3.7036910,2.6228e-04
3.7112758,3.2382e-04
3.7158298,3.8963e-04
3.7237742,3.2338e-04
3.7275238,3.3137e-04
3.7319541,3.2873e-04
3.7391114,4.1231e-04
3.7459011,3.0483e-04
3.7508717,3.1043e-04
3.7552495,3.4135e-04
3.7605855,2.5514e-04
3.7662628,2.9718e-04
3.7717941,2.8795e-04
3.7764387,3.3562e-04
3.7821374,3.0524e-04
3.7876515,2.6473e-04
3.7923224,2.8573e-04
3.7993522,2.7567e-04
3.8036728,3.7244e-04
3.8086462,3.0727e-04
3.8131390,3.1644e-04
3.8177583,3.0637e-04
3.8218133,3.0285e-04
3.8298490,2.9769e-04
3.8342412,3.1967e-04
3.8389642,3.7288e-04
3.8425210,3.2200e-04
3.8483799,2.7752e-04
3.8569262,2.2845e-04
3.8620458,3.1096e-04
3.8684928,3.4511e-04
3.8736966,3.2045e-04
3.8788924,3.8886e-04
3.8837168,3.2276e-04
3.8909905,2.8296e-04
3.8961198,3.6565e-04
3.9027848,4.3190e-04
3.9074230,3.9213e-04
3.9172454,3.0687e-04
3.9229608,3.8272e-04
3.9288034,3.5414e-04
3.9336298,3.2963e-04
3.9389498,3.3332e-04
3.9436951,5.6853e-04
3.9470499,2.8121e-04
3.9516215,2.4752e-04
3.9561949,3.2697e-04
3.9613299,3.4399e-04
3.9658811,2.9060e-04
3.9707339,2.9349e-04
3.9762266,2.8298e-04
3.9809840,2.7700e-04
3.9842808,4.4813e-04
3.9891937,3.7001e-04
3.9951131,2.5479e-04
4.0002856,4.6489e-04
4.0071058,2.9548e-04
4.0101800,2.9630e-04
4.0155716,4.2639e-04
4.0203090,3.0233e-04
4.0252409,2.9275e-04
4.0303183,3.0559e-04
4.0350370,3.8088e-04
4.0396404,3.5558e-04
4.0440936,3.0213e-04
4.0508761,3.1396e-04
4.0559645,3.3991e-04
4.0609136,3.3830e-04
4.0662875,2.7202e-04
4.0710802,3.1448e-04
4.0770488,2.9179e-04
4.0821819,3.5028e-04
4.0875025,3.6706e-04
4.0947652,2.7237e-04
4.0996752,2.8921e-04
4.1042385,3.0841e-04
4.1091781,2.5110e-04
4.1119561,3.7593e-04
4.1179557,2.9174e-04
4.1227102,2.9916e-04
4.1269488,2.9928e-04
4.1316314,3.2696e-04
4.1358733,3.7858e-04
4.1402345,3.7001e-04
4.1440992,2.8930e-04
4.1487341,2.6438e-04
4.1541581,3.3645e-04
4.1623106,3.7555e-04
4.1678696,3.2754e-04
4.1710510,2.9568e-04
4.1784062,2.4905e-04
4.1826453,2.8026e-04
4.1881680,2.8470e-04
4.1930528,3.7498e-04
4.2024870,3.0286e-04
4.2066717,3.9263e-04
4.2118683,2.5411e-04
4.2164550,3.1093e-04
4.2233176,2.8742e-04
4.2280521,3.5168e-04
4.2333188,3.6875e-04
4.2381835,2.9189e-04
4.2427731,3.0210e-04
4.2479873,2.6528e-04
4.2555900,2.9731e-04
4.2603440,3.3936e-04
4.2663069,3.1230e-04
4.2717352,2.6039e-04
4.2763448,3.4096e-04
4.2836132,3.5314e-04
4.2876911,2.7697e-04
4.2926760,2.8049e-04
4.2975955,3.0124e-04
4.3023548,2.6297e-04
4.3059893,2.5767e-04
4.3114777,3.8931e-04
4.3164048,2.7132e-04
4.3215380,3.0763e-04
4.3257208,2.8558e-04
4.3308201,3.0074e-04
4.3368897,2.7569e-04
4.3412638,3.7539e-04
4.3456864,2.6815e-04
4.3499866,2.9358e-04
4.3563576,5.3002e-04
4.3699617,5.6402e-04
4.3823857,4.6945e-04
4.3950605,4.3943e-04
4.4084868,4.4390e-04
4.4225650,4.5157e-04
4.4351439,4.0642e-04
4.4484515,4.6499e-04
4.4597754,4.4351e-04
4.4877596,3.5704e-04
4.5221109,4.8400e-04
4.5374475,4.8261e-04
4.5504398,5.1342e-04
4.5891900,5.7209e-04
4.6033673,5.7376e-04
4.6152740,5.0586e-04
4.6253104,5.4050e-04
4.6725531,3.6913e-04
4.6888375,3.7839e-04
4.7042794,3.5603e-04
4.7129817,4.9246e-04
4.7447886,4.4530e-04
4.7565794,5.7702e-04
4.7698817,4.6606e-04
4.7818193,4.2485e-04
4.7918167,3.8290e-04
4.8060503,5.5758e-04
4.8281665,4.6775e-04
4.8401856,5.0027e-04
4.8544426,4.9030e-04
4.8675671,4.3505e-04
4.8866849,4.3004e-04
4.9017253,4.6905e-04
4.9177651,4.3577e-04
4.9300041,3.9303e-04
4.9465942,4.7499e-04
4.9595618,3.3785e-04
4.9742899,4.6021e-04
5.0190091,4.3524e-04
5.0466280,3.2131e-04
5.0583792,4.2257e-04
5.0725880,3.9144e-04
5.0954142,5.8045e-04
5.1085300,3.3142e-04
5.1345291,3.5909e-04
5.1526918,4.1306e-04
5.1705532,4.9929e-04
5.1878753,4.1075e-04
5.2026925,4.8453e-04
5.2158837,6.0125e-04
5.2342405,4.4576e-04
5.2480650,2.9531e-04
5.2841020,4.1364e-04
5.2949867,4.8672e-04
5.3068089,4.5316e-04
5.3262315,4.5652e-04
5.3749866,4.4769e-04
5.3868170,3.3196e-04
5.4007134,3.9938e-04
5.4149261,3.4732e-04
5.4436607,3.8934e-04
5.4814038,3.8129e-04
5.4966049,3.3730e-04
5.5085278,3.7294e-04
5.5252051,3.8301e-04
5.5406919,3.5243e-04
5.5561457,3.5850e-04
5.5704298,4.5951e-04
5.5926270,5.7818e-04
5.6057405,5.0158e-04
5.6190057,4.7883e-04
5.6316485,5.7875e-04
5.6426802,5.7580e-04
5.6535378,3.3867e-04
5.6774635,4.0667e-04
5.6905217,4.2185e-04
5.7040663,4.0900e-04
5.7169418,4.5092e-04
5.7336850,3.6728e-04
5.7515206,3.5223e-04
5.7643194,4.7299e-04
5.8001375,3.3845e-04
5.8156228,4.9179e-04
5.8302817,3.9950e-04
5.8582554,5.1100e-04
5.8703446,4.4050e-04
5.8837376,4.1564e-04
5.8975101,4.2334e-04
5.9351139,4.6008e-04
5.9453793,4.0121e-04
5.9548965,4.3098e-04
5.9674807,3.9013e-04
5.9800677,5.5412e-04
6.0133791,4.2474e-04
6.0267181,3.9642e-04
6.0375595,3.3485e-04
6.0509939,3.7520e-04
6.0630345,4.3889e-04
6.0782986,4.4369e-04
6.1096926,4.9273e-04
6.1235023,4.8582e-04
6.1360188,4.6630e-04
6.1493182,4.6360e-04
6.1624064,3.5047e-04
6.1742373,4.9849e-04
6.1849456,4.0002e-04
6.1980672,3.3073e-04
6.2097144,4.7857e-04
6.5562181,6.1483e-04
6.6307673,4.4185e-04
6.6454530,3.4686e-04
6.6797099,4.5859e-04
6.6935067,4.2220e-04
6.7050729,3.9108e-04
6.7214994,4.2988e-04
6.7325149,4.3958e-04
6.7400436,3.5956e-04
6.7501092,4.9257e-04
6.7641463,3.9923e-04
6.7726302,3.9604e-04
6.7853141,3.3795e-04
6.7988400,5.1010e-04
6.8110914,4.6137e-04
6.8300920,3.9482e-04
6.8415565,4.3056e-04
6.8547683,5.3680e-04
6.8670545,5.0115e-04
6.8803744,4.1947e-04
6.8886538,3.8592e-04
6.8983793,4.7205e-04
6.9078588,4.6521e-04
6.9206834,5.6441e-04
6.9547639,4.1003e-04
6.9660335,4.0046e-04
6.9778137,4.3018e-04
6.9873095,4.1151e-04
7.0013337,4.7371e-04
7.0126538,3.9678e-04
7.0277781,3.8759e-04
7.0384531,4.1489e-04
7.0644913,4.4855e-04
7.0784059,4.1941e-04
7.1047101,3.4590e-04
7.1188946,4.5226e-04
7.1317439,4.4579e-04
7.1467476,5.5321e-04
7.1633558,7.2147e-04
7.1781774,4.9006e-04
7.1888299,4.2459e-04
7.2009482,4.3978e-04
7.2678256,5.5492e-04
7.2814317,4.8698e-04
7.2959471,5.1667e-04
7.3371902,5.3292e-04
7.3505297,4.7149e-04
7.3632960,3.9181e-04
7.3787112,3.9715e-04
7.3925405,3.5466e-04
7.4016500,4.3901e-04
7.4135609,3.9322e-04
7.4268885,3.8271e-04
7.4405251,4.1314e-04
7.4515681,4.4796e-04
7.4665551,5.1055e-04
7.4798203,4.2557e-04
7.4928665,4.8118e-04
7.5053496,3.2401e-04
7.5442014,3.7675e-04
7.5711641,3.7653e-04
7.5844698,3.6259e-04
7.5971193,4.5548e-04
7.6114264,3.8382e-04
7.6242399,4.0001e-04
7.6351914,5.0773e-04
7.6479316,3.9298e-04
7.6606145,3.7055e-04
7.6656432,3.7303e-04
7.6951537,3.2178e-04
7.7066240,4.2151e-04
7.7201648,3.0718e-04
7.7329798,4.1952e-04
7.7485790,4.9165e-04
7.7745094,3.7493e-04
7.7872272,4.3994e-04
7.7925668,5.9035e-04
7.8051682,3.6479e-04
7.8156190,9.0670e-04
7.8285332,4.2681e-04
7.8414207,6.7106e-04
7.8517842,4.4739e-04
7.8644996,3.0963e-04
7.8736858,3.4368e-04
7.8883519,4.1839e-04
7.9193816,3.5087e-04
7.9321766,5.4683e-04
7.9464364,5.3237e-04
7.9601364,4.9548e-04
7.9737344,3.0997e-04
7.9847727,4.0672e-04
7.9976869,3.4794e-04
8.0121269,4.2709e-04
8.0247154,4.8841e-04
8.0374413,4.8636e-04
8.0629082,3.8074e-04
8.0754824,3.9919e-04
8.0890455,4.7716e-04
8.1002798,4.2120e-04
8.1122074,5.3253e-04
8.1246529,4.2256e-04
8.1379089,5.6578e-04
8.1475992,3.7671e-04
8.1596365,4.7802e-04
8.1734133,4.5879e-04
8.2167006,6.1542e-04
8.2290020,6.1920e-04
8.2420835,3.7732e-04
8.4626417,4.4511e-04
8.4759789,4.2726e-04
8.4894476,3.6628e-04
8.5303831,3.6237e-04
8.5392704,3.8495e-04
8.5510416,3.7818e-04
8.5628281,4.5244e-04
8.5759993,3.3101e-04
8.5845032,3.2614e-04
8.5942850,4.7211e-04
8.6065855,3.5606e-04
8.6138353,4.5769e-04
8.6265669,3.6239e-04
8.6413689,4.8096e-04
8.6543579,3.7347e-04
8.6649179,3.8991e-04
8.6760664,4.1443e-04
8.6877050,3.9565e-04
8.6998749,4.7015e-04
8.7129860,3.7709e-04
8.7278404,4.5493e-04
8.7384396,3.0190e-04
8.7553282,5.0033e-04
8.7680912,4.6829e-04
8.7805395,4.4832e-04
8.7902727,5.5591e-04
8.8071432,4.5424e-04
8.8457575,4.7271e-04
8.8581991,4.4906e-04
8.8705158,3.1245e-04
8.8836412,3.1741e-04
8.9109373,4.8278e-04
8.9200697,4.0240e-04
8.9340897,4.6213e-04
8.9459162,4.4417e-04
8.9580259,4.7132e-04
8.9704933,5.6895e-04
8.9831066,4.6524e-04
9.0076056,3.5368e-04
9.0212431,5.6607e-04
9.0347233,5.1163e-04
9.0491819,3.7744e-04
9.0780125,3.9776e-04
9.0910788,5.0266e-04
9.1054688,3.6077e-04
9.1144791,4.5965e-04
9.1397896,4.8252e-04
9.1528349,4.7627e-04
9.2201567,3.4159e-04
9.2306414,3.6349e-04
9.2419786,3.6166e-04
9.2569666,3.6436e-04
9.2668543,4.7231e-04
9.2809000,5.4013e-04
9.2925148,3.6116e-04
9.3073826,4.4013e-04
9.3314352,4.4757e-04
9.3583660,5.8997e-04
9.3722830,3.6832e-04
9.3842869,3.6790e-04
9.3968678,4.1167e-04
9.4095163,4.7784e-04
9.4256134,4.4013e-04
9.4896288,3.2148e-04
9.4987917,4.3030e-04
9.5224895,4.6712e-04
9.5508575,4.8014e-04
9.5607643,3.8877e-04
9.5732203,4.2728e-04
9.5830917,2.9906e-04
9.5940533,3.9714e-04
9.6077461,3.8854e-04
9.6369429,4.3380e-04
9.6490269,4.7024e-04
9.6619177,2.7903e-04
9.6848593,3.9652e-04
9.6973457,4.6659e-04
9.7107086,3.5636e-04
9.7251358,3.5399e-04
9.7343531,3.5703e-04
9.7434416,3.5384e-04
9.7655449,5.0024e-04
9.7787971,6.1066e-04
9.7926512,4.0315e-04
9.8046265,4.4254e-04
9.9057798,4.5323e-04
9.9188623,3.9307e-04
9.9314537,4.3466e-04
9.9446859,4.0775e-04
9.9578409,4.2991e-04
9.9697466,4.3804e-04
9.9868183,4.0938e-04
9.9992256,8.0771e-04
10.0110741,4.1087e-04
10.0177317,5.2277e-04
10.0546894,4.3582e-04
10.0728331,4.2042e-04
10.0851908,4.5869e-04
10.1012506,4.1367e-04
10.1135693,4.2976e-04
10.1287708,3.5646e-04
10.1627684,5.3470e-04
10.1774683,6.9365e-04
10.1908712,6.1288e-04
10.2047453,4.5456e-04
10.2351446,3.7098e-04
10.2476006,4.2083e-04
10.2603121,4.2963e-04
10.2735395,4.6489e-04
10.2866964,3.1150e-04
10.2985077,6.3654e-04
10.3105307,4.1199e-04
10.3193007,4.0616e-04
10.3311110,3.9410e-04
10.3450975,4.6977e-04
10.3608847,4.7787e-04
10.3711920,4.5397e-04
10.3832006,5.9856e-04
10.3944120,4.8828e-04
10.4108181,4.4359e-04
10.4279518,4.9113e-04
10.4438524,4.4831e-04
10.4552088,4.2454e-04
10.4678297,4.4945e-04
10.4929657,4.4174e-04
10.5051489,4.7545e-04
10.5356960,3.9514e-04
10.5503712,4.0974e-04
10.5617085,3.0713e-04
10.5688782,4.2654e-04
10.5821323,6.0377e-04
10.6118803,4.0304e-04
10.6308594,1.3407e-03
10.6449165,4.2942e-04
10.6572008,4.5532e-04
10.6699781,6.1811e-04
10.7031450,4.3247e-04
10.7164698,5.4118e-04
10.7287588,5.7799e-04
10.7697992,4.8789e-04
10.8260336,4.6819e-04
10.8371181,4.9832e-04
10.8713427,5.4878e-04
10.8829937,4.3918e-04
10.8910189,4.7607e-04
10.8973265,4.8303e-04
10.9100370,3.8592e-04
10.9241114,3.7554e-04
10.9358835,6.9601e-04
10.9501114,4.3357e-04
10.9626265,4.0885e-04
10.9731054,5.0876e-04
10.9863501,4.1274e-04
10.9994230,3.8926e-04
11.0095682,4.6182e-04
11.0218077,5.4500e-04
11.0367785,5.1953e-04
11.0480766,3.9663e-04
11.0608282,4.5423e-04
11.0722313,7.9672e-04
11.0865078,4.5871e-04
11.0976639,3.3882e-04
11.1085539,4.0426e-04
11.1202440,3.3969e-04
11.1301746,3.9208e-04
11.1421728,3.8257e-04
11.1563034,4.4291e-04
11.1693096,4.0432e-04
11.1983271,3.9325e-04
11.2125225,3.9434e-04
11.2333488,3.9007e-04
13.4813852,6.2185e-04
13.5670662,4.0282e-04
13.6147623,3.4942e-04
13.6286421,5.0287e-04
13.6411486,3.8786e-04
13.6537895,5.7853e-04
13.6670418,4.0387e-04
13.6952658,3.9957e-04
13.7101021,4.1800e-04
13.7218904,3.4462e-04
13.7336683,3.6854e-04
13.7461796,3.7931e-04
13.7593842,3.7552e-04
13.7899752,3.5675e-04
13.7969465,3.7019e-04
13.8119621,5.7036e-03
13.8306160,4.5225e-04
13.8402157,3.8326e-04
13.8536539,4.0786e-04
13.8830023,4.2892e-04
13.8945570,3.3175e-04
13.9084339,5.4308e-04
13.9222193,6.2555e-04
13.9298010,4.7531e-04
13.9636860,3.7636e-04
13.9747133,3.4125e-04
14.0127344,4.0681e-04
14.0254269,5.5881e-04
14.0361586,5.0906e-04
14.0469179,3.8876e-04
14.0600538,4.0498e-04
14.1312847,3.2438e-04
14.1439104,3.4649e-04
14.1551981,4.3127e-04
14.1734428,4.1539e-04
14.1842051,5.2642e-04
14.1932306,4.0832e-04
14.2051983,4.7073e-04
14.2142305,5.4673e-04
14.2288923,4.0301e-04
14.2641993,4.2297e-04
14.2762232,4.1735e-04
14.2887001,5.2900e-04
14.3032246,3.8127e-04
14.3146992,3.4228e-04
14.3269186,4.2505e-04
14.3336792,3.8132e-04
14.3472776,4.1181e-04
14.3991003,5.3630e-04
14.4090805,3.5658e-04
14.4203701,3.6281e-04
14.4308977,4.0059e-04
14.4436493,3.3881e-04
14.4563789,3.8748e-04
14.4724913,4.1994e-04
14.4867411,4.8141e-04
14.5010042,3.1053e-04
14.5151253,5.2051e-04
14.5275993,3.3965e-04
14.5381346,4.2287e-04
14.5510254,3.9673e-04
14.5802317,4.0505e-04
14.5968752,4.4087e-04
14.6090736,4.2026e-04
14.6246729,3.5464e-04
14.6353970,3.3635e-04
14.6469631,4.2320e-04
14.6595030,3.6231e-04
14.6846142,4.1238e-04
14.6974297,3.6840e-04
14.7093697,3.9638e-04
14.7258263,5.9197e-04
14.7364178,6.3518e-04
14.7482767,5.0780e-04
14.7653351,4.9860e-04
14.7766380,4.7757e-04
14.7885981,4.7979e-04
14.8013105,3.9275e-04
14.8139458,3.6587e-04
14.8268013,3.7225e-04
14.8415956,3.5203e-04
14.8556032,4.7843e-04
14.8634567,4.2300e-04
14.8754911,3.7545e-04
14.8859339,4.1705e-04
14.8951578,4.7179e-04
14.9093075,3.3405e-04
14.9427185,3.5797e-04
14.9548798,4.0468e-04
14.9661989,3.3564e-04
14.9790449,4.4634e-04
14.9926720,5.2631e-04
15.0046692,4.3537e-04
15.0152359,4.4187e-04
15.0233850,4.5761e-04
15.0363922,5.0384e-04
15.0479813,4.1560e-04
15.0632982,6.2655e-04
15.0741415,4.4010e-04
15.0857620,7.6065e-04
15.1104774,4.8807e-04
15.1347017,4.1021e-04
15.1422586,5.0143e-04
15.1545811,4.6509e-04
15.1667547,4.1070e-04
15.1805592,4.3715e-04
15.2176161,4.3246e-04
15.2319059,4.9225e-04
15.2475710,5.0331e-04
15.2824678,3.8143e-04
15.2953835,5.3030e-04
15.3087006,4.4162e-04
15.3275967,4.2668e-04
15.3591356,3.8323e-04
15.3724508,4.3616e-04
15.3864403,4.7023e-04
15.3988371,4.9569e-04
15.4280643,4.9854e-04
15.4425869,3.7715e-04
15.4548912,3.8877e-04
15.4663372,5.5902e-04
15.4788589,2.9490e-04
15.4937515,4.3491e-04
15.5057640,5.5365e-04
15.5188360,5.2712e-04
15.5648584,3.6539e-04
15.5776119,4.3476e-04
15.5895233,2.9742e-04
15.6318045,3.8023e-04
15.6439018,3.1843e-04
15.6549988,4.2794e-04
15.6677284,3.9184e-04
15.6800079,9.6152e-04
15.6930017,3.9912e-04
15.7077971,1.0320e-03
15.7212811,4.8944e-04
15.7357979,5.7107e-04
15.7464809,3.7626e-04
15.7814541,4.9282e-04
15.7927046,3.9000e-04
15.8085737,3.8721e-04
15.8212681,4.6901e-04
16.0957909,3.9731e-04
16.1065311,4.4842e-04
16.1208820,3.9087e-04
16.1472073,3.7298e-04
16.1665974,4.3082e-04
16.1817760,3.9047e-04
16.1928444,4.6067e-04
16.1988697,4.5420e-04
16.2113361,3.8737e-04
16.2215576,5.6236e-04
16.5005665,6.4147e-04
16.5450611,3.2004e-04
16.5716953,5.7871e-04
16.5836163,4.6542e-04
16.5952644,4.8106e-04
16.6017780,5.0062e-04
16.6486816,3.2240e-04
16.6574383,6.9253e-04
16.6646786,4.3947e-04
16.7189064,5.1643e-04
16.7255611,4.8463e-04
16.7370968,4.4359e-04
16.7431507,5.1254e-04
16.7506332,4.1599e-04
16.7560844,3.6357e-04
16.7621994,5.4367e-04
16.7689610,6.3621e-04
16.7756367,4.4893e-04
16.7823772,4.0988e-04
16.7878094,5.2631e-04
16.7940712,4.6175e-04
16.8003559,4.2449e-04
16.8078060,6.2264e-04
16.8624649,5.4525e-04
16.8685741,4.2746e-04
16.8776474,5.4198e-04
16.8842926,3.8046e-04
16.8908157,4.6328e-04
16.8961926,5.5422e-04
16.9133987,3.7261e-04
16.9191151,3.8825e-04
16.9256306,3.0607e-04
16.9297066,3.3179e-04
16.9378948,3.3759e-04
16.9652042,4.3203e-04
16.9710732,3.6377e-04
16.9758339,3.9408e-04
16.9785213,5.4313e-04
16.9847584,3.7806e-04
16.9894543,4.7475e-04
17.0196400,3.9585e-04
17.0360088,4.4715e-04
17.0417423,2.7747e-04
17.0470409,4.0170e-04
17.0511761,3.3807e-04
17.0553188,3.3171e-04
17.0650387,3.3699e-04
17.0686703,4.0610e-04
17.0750732,4.6803e-04
17.0802593,4.7251e-04
17.0843887,4.8300e-04
17.0873356,3.8142e-04
17.0940742,4.7358e-04
17.1011162,3.8297e-04
17.1065941,3.8522e-04
17.1094799,3.8791e-04
17.1118507,4.7344e-04
17.1156139,4.1633e-04
17.1192684,3.2238e-04
17.1222687,3.6105e-04
17.1262035,3.9011e-04
17.1344681,4.4085e-04
17.1405525,4.7792e-04
17.1473064,5.1850e-04
17.1551285,6.2604e-04
