time,runtime
0.0375294,7.0215e-04
0.0642623,2.6655e-04
0.0797427,2.2856e-04
0.1280050,2.0139e-04
0.1431893,1.8291e-04
0.1618908,2.3105e-04
0.1889739,8.4862e-03
0.2104971,2.2122e-04
0.2235334,2.6111e-04
0.2397146,1.7304e-04
0.2544803,2.1943e-04
0.2625098,1.8922e-04
0.2739884,2.0696e-04
0.2758848,1.8330e-04
0.2775682,1.8923e-04
0.2937257,2.1859e-04
0.3027703,1.9486e-04
0.3047678,3.2547e-04
0.3161606,1.8763e-04
0.3517255,2.0428e-04
0.3536209,3.2670e-04
0.3556297,1.6678e-04
0.3678660,1.6273e-04
0.3843868,2.8331e-04
0.4131414,2.4015e-04
0.4149842,1.7562e-04
0.4318115,2.6900e-04
0.4439067,2.7228e-04
0.4789379,3.1098e-04
0.4848222,1.8143e-04
0.4864478,1.7515e-04
0.5107588,2.0594e-04
0.5124247,2.1498e-04
0.5159445,2.3778e-04
0.5176795,1.9809e-04
0.5319232,2.2450e-04
0.5473715,2.4190e-04
0.5799104,1.8440e-04
0.5943355,1.8450e-04
0.6061638,2.2746e-04
0.6079643,1.7610e-04
0.6216913,1.8075e-04
0.6700097,2.1103e-04
0.6857153,1.9389e-04
0.6874834,2.1907e-04
0.6901775,1.7924e-04
0.6920552,1.7132e-04
0.6944066,1.8352e-04
0.6960822,2.6436e-04
0.6981515,2.0468e-04
0.7351137,2.8351e-04
0.7421390,2.8439e-04
0.7443842,1.8126e-04
0.7493458,2.1792e-04
0.7513889,3.1488e-04
0.7591969,2.6841e-04
0.7611681,2.3091e-04
0.7807904,1.8402e-04
0.7937103,2.1451e-04
0.8119367,1.9254e-04
0.8191820,1.8595e-04
0.8364818,2.0685e-04
0.8387067,1.4229e-04
0.8407798,4.3727e-04
0.8430421,2.7632e-04
0.8498137,2.5962e-04
0.8517347,1.8824e-04
0.8694447,2.2895e-04
0.8713502,2.5194e-04
0.8879065,1.8395e-04
0.9015641,2.0431e-04
0.9111469,1.9214e-04
0.9129045,2.3110e-04
0.9203688,1.6976e-04
0.9507675,4.2723e-04
0.9546770,1.9888e-04
0.9651209,2.1768e-04
0.9670204,2.0318e-04
0.9844218,1.9221e-04
0.9861764,2.3589e-04
0.9880697,1.6532e-04
1.0140269,2.4580e-04
1.0189252,2.0968e-04
1.0337253,1.8627e-04
1.0356761,1.6682e-04
1.0456867,1.8451e-04
1.0476580,1.6050e-04
1.0494128,3.0552e-04
1.0513116,1.7678e-04
1.0531133,1.8808e-04
1.0548599,1.8464e-04
1.0793836,2.2968e-04
1.0968707,2.1042e-04
1.0988941,2.0688e-04
1.1086676,2.6667e-04
1.1105176,1.7100e-04
1.1123027,1.9433e-04
1.1236213,3.1063e-04
1.1357007,2.1955e-04
1.1377378,4.7441e-04
1.1400732,2.3929e-04
1.1420016,1.9355e-04
1.1588470,2.4610e-04
1.1607171,2.7334e-04
1.1751442,2.9715e-04
1.1926568,2.1691e-04
1.2085232,2.1684e-04
1.2103665,1.7239e-04
1.2121923,2.2066e-04
1.2240487,2.1529e-04
1.2362009,2.0756e-04
1.2378840,1.8059e-04
1.2398160,1.6592e-04
1.2420932,1.8820e-04
1.2438166,1.7008e-04
1.2456207,1.5936e-04
1.2478492,3.2767e-04
1.2502673,1.7168e-04
1.2853793,2.3022e-04
1.3122424,1.6864e-04
1.3141018,2.7034e-04
1.3158904,2.4328e-04
1.3177454,1.8320e-04
1.3270075,2.3972e-04
1.3518732,1.9829e-04
1.3538513,2.4474e-04
1.3664390,2.6746e-04
1.3684947,1.9579e-04
1.3825514,2.2442e-04
1.4005799,4.0135e-04
1.4031091,1.7941e-04
1.4173688,2.0473e-04
1.4475616,1.9440e-04
1.4509147,2.0186e-04
1.4622877,2.7767e-04
1.4644694,2.7171e-04
1.4663180,2.0710e-04
1.4686322,2.5097e-04
1.4710248,1.9364e-04
1.4728799,2.2825e-04
1.4898063,2.7291e-04
1.5081038,1.7374e-04
1.5308623,1.9013e-04
1.5446110,1.9127e-04
1.5466563,2.5896e-04
1.5484498,2.1875e-04
1.5501862,3.2512e-03
1.5557394,2.0181e-04
1.5579244,2.0446e-04
1.5697669,3.9210e-04
1.5891227,1.9289e-04
1.5909220,2.8207e-04
1.5931467,3.6929e-04
1.5950847,1.6333e-04
1.6145213,2.3918e-04
1.6167264,2.6900e-04
1.6200111,2.3846e-04
1.6219741,1.8859e-04
1.6367310,2.8756e-04
1.6469927,1.9973e-04
1.6622607,2.4651e-04
1.6643763,1.9938e-04
1.6783812,2.2071e-04
1.6801245,2.0033e-04
1.6818465,2.6670e-04
1.6878037,2.2359e-04
1.7182839,2.3063e-04
1.7202411,2.0180e-04
1.7221148,2.6785e-04
1.7403481,1.9698e-04
1.7721872,2.0013e-04
1.7897261,1.9913e-04
1.8147428,1.8513e-04
1.8164119,1.8280e-04
1.8305556,1.7427e-04
1.8323684,2.3356e-04
1.8512189,2.2997e-04
1.8534486,2.2188e-04
1.8744705,2.2947e-04
1.8836735,1.7738e-04
1.9041967,2.5678e-04
1.9376773,3.0419e-04
1.9395903,1.9790e-04
1.9543188,2.5505e-04
1.9563456,2.2036e-04
1.9696420,2.3825e-04
1.9718101,2.1800e-04
1.9739835,1.9805e-04
1.9759802,2.0549e-04
1.9900916,2.8459e-04
2.0183179,1.9703e-04
2.0202301,2.0628e-04
2.0443769,2.4734e-04
2.0747244,2.1601e-04
2.0765033,4.5548e-04
2.1123939,3.1922e-04
2.1144583,3.4652e-04
2.1237369,2.1362e-04
2.1349211,2.1023e-04
2.1468430,2.1759e-04
2.1542463,2.7915e-04
2.1645446,2.9981e-04
2.1874266,1.8831e-04
2.2020192,4.9654e-03
2.2173884,4.2688e-04
2.2296274,2.4608e-04
2.2421708,1.7190e-04
2.2560632,2.1111e-04
2.2773902,2.3536e-04
2.2987280,1.9584e-04
2.3140967,1.8183e-04
2.3364475,2.3785e-04
2.3589349,2.4111e-04
2.3823895,2.2432e-04
2.4437191,6.6374e-04
2.4687171,1.7959e-04
2.4946070,2.5746e-04
2.4965131,2.3326e-04
2.5014057,2.9841e-04
2.5142984,1.9810e-04
2.5241027,3.3101e-04
2.5261328,3.0993e-04
2.5596566,1.8197e-04
2.5628412,2.3985e-04
2.5648108,1.9339e-04
2.6201007,1.9608e-04
2.6675336,1.8868e-04
2.6794326,1.9527e-04
2.6810944,1.8986e-04
2.6980636,1.9304e-04
2.7080371,2.1323e-04
2.7198117,2.3247e-04
2.7478354,2.4344e-04
2.7608280,2.7657e-04
2.7756448,1.8537e-04
2.7984316,2.3401e-04
2.8076065,2.1920e-04
2.8250718,2.2716e-04
2.8499625,1.8052e-04
2.8777556,2.6883e-04
2.8930857,1.9366e-04
2.9065526,2.4917e-04
2.9237897,2.0144e-04
2.9606442,2.4159e-04
2.9941833,2.8470e-04
2.9965241,2.4409e-04
3.0232575,2.1686e-04
3.0588179,2.3341e-04
3.1196635,2.3026e-04
3.1322720,3.3726e-04
3.1478994,1.6297e-04
3.1760385,1.7699e-04
3.1778581,2.7456e-04
3.1905100,2.2209e-04
3.2081006,3.5231e-04
3.2163880,4.7998e-04
3.2187240,1.6133e-04
3.2291472,2.0195e-04
3.2450488,1.9276e-04
3.2809207,4.3647e-04
3.3013489,2.3355e-04
3.3155754,2.5323e-04
3.3176548,2.7577e-04
3.3199060,2.9567e-04
3.3527005,2.0698e-04
3.3906665,7.6610e-04
3.4020433,2.0383e-04
3.4211376,2.3465e-04
3.4399011,2.1001e-04
3.4811144,5.1852e-04
3.4942362,1.8828e-04
3.4961593,2.7765e-04
3.4982777,2.5559e-04
3.5002909,1.8833e-04
3.5022082,4.2472e-04
3.5044298,1.1099e-03
3.5074887,2.0221e-04
3.5092874,1.6793e-04
3.5151646,1.5041e-04
3.5369844,3.4164e-04
3.5392339,2.0435e-04
3.5418053,2.2722e-04
3.5556664,2.4770e-04
3.5707533,2.7875e-04
3.5910175,2.2408e-04
3.5991714,2.0195e-04
3.6014740,3.3759e-04
3.6199613,2.0074e-04
3.6297359,2.0346e-04
3.6482227,2.8443e-04
3.6768765,2.0486e-04
3.7021711,2.1866e-04
3.7070651,2.2978e-04
3.7101014,2.8059e-04
3.7137094,2.6211e-04
3.7165334,1.8490e-04
3.7189553,3.5161e-04
3.7326534,3.2052e-04
3.7474918,2.5014e-04
3.7615051,1.9244e-04
3.7633119,2.5829e-04
3.7786238,2.0012e-04
3.7814114,1.7365e-04
3.7836132,2.0523e-04
3.7856224,9.5862e-04
3.7952259,2.4548e-04
3.7970665,2.9292e-04
3.7990181,1.9856e-04
3.8014987,2.2845e-04
3.8202541,3.0423e-04
3.8588390,1.7384e-04
3.8744256,2.2462e-04
3.8813200,2.1295e-04
3.8860607,3.0404e-04
3.8891618,2.2585e-04
3.9135401,2.4663e-04
3.9154177,3.5632e-04
3.9173331,1.8849e-04
3.9259408,2.0065e-04
3.9366927,1.8219e-04
3.9645102,2.5391e-04
3.9688909,1.9892e-04
3.9709053,1.6359e-04
3.9885287,2.5460e-04
3.9906435,3.6327e-04
4.0099506,2.4353e-04
4.0168524,2.7179e-04
4.0335803,2.2136e-04
4.0355039,1.8803e-04
4.0518136,2.6294e-04
4.0645919,2.2541e-04
4.0863495,2.2270e-04
4.1359119,2.4280e-04
4.1480875,2.0516e-04
4.1617446,2.4287e-04
4.1729827,3.1683e-04
4.1909442,1.7162e-04
4.2046871,1.7544e-04
4.2186480,1.9511e-04
4.2277651,2.0376e-04
4.2357054,1.9635e-04
4.2571325,2.0485e-04
4.2950153,2.0557e-04
4.3209863,1.8790e-04
4.3229632,1.7305e-04
4.3367043,3.6543e-03
4.3615966,2.0723e-04
4.3788486,2.1132e-04
4.3901224,2.5989e-04
4.3922625,2.7534e-04
4.4091492,2.6148e-04
4.4208775,2.4203e-04
4.4228549,1.7767e-04
4.4732256,2.1131e-04
4.4958816,1.9698e-04
4.5087090,2.0518e-04
4.5138311,1.8451e-04
4.5315089,2.9375e-04
4.5791779,1.9444e-04
4.5811772,2.1093e-04
4.5830727,2.2837e-04
4.6155896,3.0842e-03
4.6830416,7.7857e-04
4.6964154,1.8705e-04
4.7142415,2.1364e-04
4.7327490,2.7800e-04
4.7459655,2.3597e-04
4.7479300,2.2087e-04
4.7530451,3.1904e-04
4.7547879,2.2008e-04
4.7666736,2.6613e-04
4.7746258,1.9992e-04
4.7804780,2.6795e-04
4.8231959,3.0167e-04
4.8348908,1.6762e-04
4.8508983,3.2325e-04
4.8669214,1.7714e-04
4.8784909,2.3525e-04
4.8987975,3.1750e-04
4.9214845,2.7236e-04
4.9459944,2.4316e-04
4.9671884,2.2670e-04
4.9763694,2.2294e-04
5.0012941,2.5039e-04
5.0259657,2.1746e-04
5.0501752,2.6845e-04
5.0662575,2.0949e-04
5.0790505,3.5221e-04
5.0809922,1.7721e-04
5.0988359,2.1272e-04
5.1322598,2.2062e-04
5.1613178,2.0451e-04
5.1728973,2.0573e-04
5.1921744,2.0757e-04
5.2132635,2.1260e-04
5.2258315,3.0442e-04
5.2355266,1.9393e-04
5.2514110,3.0618e-04
5.2659354,4.0534e-04
5.2906785,2.6620e-04
5.2930856,2.3573e-04
5.2952766,2.1852e-04
5.2969933,1.9861e-04
5.2988381,2.0833e-04
5.3004680,1.5383e-04
5.3136048,2.3109e-04
5.3181777,2.2995e-04
5.3365145,2.3024e-04
5.3700376,1.8996e-04
5.3718114,2.7968e-04
5.3906741,2.6778e-04
5.4216089,1.7342e-04
5.4234352,2.5033e-04
5.4302945,1.8899e-04
5.4321709,2.2713e-04
5.4568014,2.3976e-04
5.4737878,3.0276e-04
5.4772139,2.0208e-04
5.4796085,4.0193e-04
5.4956903,2.1994e-04
5.4996638,2.6768e-04
5.5149179,2.0759e-04
5.5169992,3.9492e-04
5.5522261,1.8462e-04
5.5910153,1.8490e-04
5.5954714,2.6118e-04
5.6119523,1.6364e-04
5.6548500,2.3493e-04
5.6736665,2.4050e-04
5.6942973,2.9204e-04
5.6965375,3.6509e-04
5.6987562,3.6527e-04
5.7152224,3.1341e-04
5.7275414,1.9506e-04
5.7300887,2.2415e-04
5.7510061,1.8795e-04
5.7661839,2.2591e-04
5.7682667,1.9710e-04
5.7901378,2.5609e-04
5.8422523,1.9719e-04
5.8529897,2.0474e-04
5.8604827,1.7963e-04
5.8889804,2.4596e-04
5.9028711,1.8053e-04
5.9151201,2.6042e-04
5.9323659,3.2076e-04
5.9345083,2.1107e-04
5.9540277,2.2963e-04
5.9558539,1.5652e-04
5.9674711,2.3702e-04
6.0033655,3.9251e-04
6.0123363,3.5283e-04
6.0283279,2.3791e-04
6.0415568,1.8764e-04
6.0432954,2.1007e-04
6.0455384,2.3159e-04
6.0731277,2.2818e-04
6.0920229,2.3409e-04
6.1090665,2.1911e-04
6.1482615,2.2264e-04
6.1535683,2.1548e-04
6.1552854,1.7919e-04
6.1616793,2.9710e-04
6.1793003,2.3899e-04
6.1812024,1.8706e-04
6.1830797,1.8466e-04
6.1962271,2.4611e-04
6.2179108,1.7507e-04
6.2376156,1.7751e-04
6.2480345,2.1819e-04
6.2595959,2.1394e-04
6.2713695,1.7174e-04
6.2731423,2.2427e-04
6.2748594,1.6962e-04
6.2767372,2.6086e-04
6.3115449,2.0557e-04
6.3228173,2.0397e-04
6.3555708,2.4361e-04
6.3650255,2.0299e-04
6.3689055,1.8288e-04
6.3706408,1.7898e-04
6.4061446,2.9002e-04
6.4082756,2.0472e-04
6.4102440,1.8842e-04
6.4121003,2.1330e-04
6.4139833,8.9295e-04
6.4344349,2.0749e-04
6.4839578,1.7687e-04
6.4934478,2.2453e-04
6.5055642,2.4271e-04
6.5177379,2.0365e-04
6.5288596,1.7505e-04
6.5409107,2.0724e-04
6.5428581,2.0059e-04
6.5708323,6.5934e-04
6.5856543,1.9303e-04
6.5908055,3.0647e-04
6.5979581,1.9341e-04
6.6344423,5.5966e-04
6.6527181,2.4105e-04
6.6816969,3.0912e-04
6.6927729,1.8115e-04
6.7092247,2.3447e-04
6.7332373,1.8201e-04
6.7590213,2.2137e-04
6.7743354,2.1386e-04
6.7762704,2.0433e-04
6.7980366,3.5902e-04
6.8757272,3.2633e-04
6.8792696,3.0164e-04
6.9253345,2.1221e-04
6.9466343,2.7268e-04
6.9669833,3.0003e-04
6.9800224,1.7923e-04
6.9864950,1.8498e-04
7.0044436,2.4134e-04
7.0074754,2.0340e-04
7.0172338,2.4026e-04
7.0377789,3.5275e-04
7.0401654,1.7978e-04
7.0419397,2.9394e-04
7.0591874,1.9327e-04
7.0672860,1.9388e-04
7.0692387,1.7393e-04
7.0709848,2.2222e-04
7.0938401,2.1188e-04
7.1013169,1.7052e-04
7.1031914,2.4250e-04
7.1222916,2.2780e-04
7.1430221,2.6009e-04
7.1786427,1.8491e-04
7.1802816,3.4156e-04
7.1824450,1.7782e-04
7.1841021,1.7383e-04
7.2294140,7.0309e-04
7.2319922,2.6998e-04
7.2437887,1.8763e-04
7.2568207,1.8029e-04
7.2585602,4.4735e-04
7.2605023,2.5527e-04
7.2837615,2.8332e-04
7.2860761,3.3437e-04
7.2881613,1.6235e-04
7.2983956,2.0589e-04
7.3094606,3.0031e-04
7.3350530,2.8866e-04
7.3588967,3.1330e-04
7.3615441,3.7712e-04
7.3754640,2.5914e-04
7.3867121,3.1726e-04
7.3889947,1.9389e-04
7.4014554,3.0503e-04
7.4176693,2.5268e-04
7.4420285,2.4566e-04
7.4714971,3.6185e-04
7.4919262,2.1202e-04
7.4980884,1.8435e-04
7.5074301,1.7929e-04
7.5176520,2.4164e-04
7.5292659,2.0769e-04
7.5484405,1.7811e-04
7.5567169,3.2191e-04
7.5633159,1.7762e-04
7.5652828,1.9062e-04
7.5931120,2.0747e-04
7.5949111,1.9068e-04
7.6087685,2.0130e-04
7.6172371,2.9183e-04
7.6616569,1.8105e-04
7.6634851,6.4060e-04
7.7019076,3.1660e-04
7.7050180,7.1601e-03
7.7286682,2.9855e-04
7.7448821,2.8747e-04
7.7470531,3.5047e-04
7.7492909,2.4541e-04
7.7519093,2.1018e-04
7.7541122,1.8411e-04
7.7575407,1.7751e-04
7.7757163,2.2493e-04
7.8027987,2.0214e-04
7.8177347,1.7713e-04
7.8197656,1.7712e-04
7.8348989,2.7063e-04
7.8418322,2.1820e-04
7.8481598,2.1253e-04
7.8669086,1.9349e-04
7.8707981,3.2962e-04
7.8818316,4.2232e-04
7.8846779,1.7570e-04
7.9012733,2.2653e-04
7.9081311,2.7199e-04
7.9101381,1.9108e-04
7.9405522,2.9071e-04
7.9550519,2.4048e-04
7.9620347,2.0379e-04
7.9883728,5.7964e-04
7.9965968,1.8726e-04
8.0033493,1.7180e-04
8.0081072,2.5782e-04
8.0265894,2.0302e-04
8.0287228,2.5177e-04
8.0440578,1.7047e-04
8.0796871,1.7133e-04
8.0882692,2.0377e-04
8.1061020,2.6954e-04
8.1211052,3.0118e-04
8.1534386,2.5269e-04
8.1793823,2.1027e-04
8.1813583,2.3827e-04
8.2100763,2.2513e-04
8.2400589,2.1434e-04
8.2574911,1.9811e-04
8.2693558,2.1808e-04
8.3113565,2.2018e-04
8.3959541,1.7929e-04
8.4081964,2.0457e-04
8.4101915,3.3601e-04
8.4122019,2.2109e-04
8.4277735,2.4701e-04
8.4411221,1.7681e-04
8.4513798,2.0252e-04
8.4534769,1.7112e-04
8.4552498,1.5386e-04
8.5145445,2.3691e-04
8.5711555,1.8775e-04
8.5859480,4.2381e-04
8.5883512,8.0123e-04
8.6050634,2.6876e-04
8.6277895,1.9106e-04
8.6489344,2.5128e-04
8.6507301,2.1601e-04
8.6854601,1.8291e-04
8.7048407,1.7839e-04
8.7509813,2.6714e-04
8.7631912,1.9113e-04
8.7809486,1.6622e-04
8.7871504,1.9277e-04
8.8009520,2.5452e-04
8.8163738,4.4900e-03
8.8647184,2.9130e-04
8.8667030,2.8850e-04
8.8721218,1.9633e-04
8.8892593,2.1742e-04
8.8931036,2.1835e-04
8.9542179,1.8559e-04
8.9576855,1.8541e-04
8.9715090,1.7439e-04
8.9754438,3.4267e-04
8.9772482,2.8244e-04
8.9792185,2.0087e-04
8.9810047,1.8588e-04
9.0330477,2.3235e-04
9.1005049,1.4015e-03
9.1087656,1.9889e-04
9.1105452,2.6457e-04
9.1122980,6.2797e-04
9.1230736,3.4748e-04
9.1437750,1.5208e-04
9.1616383,2.2878e-04
9.1730499,2.9980e-04
9.1892471,1.6254e-04
9.2197495,2.4484e-04
9.2384453,2.4021e-04
9.2553835,1.8586e-04
9.2771626,2.2583e-04
9.2882433,1.7457e-04
9.2899370,1.3421e-03
9.3072081,1.8955e-04
9.3334150,2.5861e-04
9.3430328,3.1005e-04
9.3607178,1.9830e-04
9.3739252,1.7274e-04
9.3858061,2.8639e-04
9.4024267,2.5638e-04
9.4162788,2.4359e-04
9.4296370,1.9609e-04
9.4435673,2.0044e-04
9.4663811,2.4198e-04
9.5252333,2.0143e-04
9.5353670,3.0011e-04
9.5463047,1.8880e-04
9.5617075,2.5590e-04
9.5709095,1.6150e-04
9.5887718,2.1449e-04
9.6200867,2.4377e-04
9.6323795,2.6945e-04
9.6430521,1.8808e-04
9.6635551,2.0912e-04
9.6868248,2.3966e-04
9.7092495,1.9744e-04
9.7269897,6.7837e-04
9.7486095,2.1854e-04
9.7705822,3.2587e-04
9.7822733,2.0350e-04
9.8240767,1.6056e-02
9.8584414,2.2385e-04
9.8602180,2.3266e-04
9.8845339,1.9554e-04
9.8933840,3.0430e-04
9.9334431,2.2813e-04
9.9509134,2.6665e-04
9.9884720,1.8261e-04
10.0064344,2.8876e-04
10.0085287,4.4875e-04
10.0208874,2.8966e-04
10.0327969,1.9913e-04
10.0504875,2.0220e-04
10.0991726,2.1745e-04
10.1180820,1.6733e-04
10.1325645,2.4037e-04
10.1644258,2.0468e-04
10.1662121,2.5680e-04
10.1844454,2.9686e-04
10.2096109,1.9995e-04
10.2241755,3.0356e-04
10.2556887,2.3659e-04
10.2656116,1.8089e-04
10.3505096,2.5122e-04
10.3530045,2.1279e-04
10.3718367,2.2155e-04
10.3879404,2.0833e-04
10.3901539,1.8296e-04
10.3921318,1.9860e-04
10.4005184,2.2217e-04
10.4285574,2.4976e-04
10.4311934,1.5471e-03
10.4399967,1.7643e-04
10.5116425,2.2262e-04
10.5140018,1.9025e-04
10.5304089,1.6840e-04
10.5414629,2.0318e-04
10.5557575,1.6662e-04
10.5575256,2.5489e-04
10.5746517,2.6022e-04
10.5960283,3.2878e-04
10.6025105,2.2326e-04
10.6050568,1.8110e-04
10.6068974,2.0544e-04
10.6234360,2.3018e-04
10.6317177,2.3250e-04
10.6471720,1.9900e-04
10.6678772,2.5562e-04
10.6695824,2.2566e-04
10.6713514,2.3947e-04
10.6730776,2.7138e-04
10.7073536,1.8232e-04
10.7379885,2.6824e-04
10.7514830,1.8777e-04
10.7637682,1.8132e-04
10.7724190,1.9322e-04
10.7849855,2.4501e-04
10.8318892,2.2871e-04
10.8600435,1.9041e-03
10.8787212,1.7051e-04
10.9099417,2.0734e-04
10.9307413,2.4501e-04
10.9400501,2.3109e-04
10.9418716,2.8973e-04
10.9438934,2.2416e-04
11.0058384,1.8642e-04
11.0279083,2.2751e-04
11.0399551,2.0259e-04
11.0484800,1.8884e-04
11.0645533,3.4587e-04
11.1184568,3.3844e-04
11.1451540,2.0683e-04
11.1767893,3.1075e-04
11.2032185,1.8552e-04
11.2052822,3.6392e-04
11.2144270,1.7542e-04
11.2230625,1.7555e-04
11.2421808,2.0170e-04
11.2570448,2.2081e-04
11.2648573,3.8649e-04
11.2857370,3.2581e-04
11.3066044,2.6851e-04
11.3085051,1.8168e-04
11.3204603,2.1843e-04
11.3553362,8.5950e-04
11.3758039,1.9192e-04
11.3886871,1.7042e-03
11.4021149,2.1463e-04
11.4201250,2.8149e-04
11.4381113,1.8544e-04
11.4598179,2.1851e-04
11.4822273,2.1424e-04
11.4842672,4.5503e-04
11.5143614,2.6216e-04
11.5320196,1.8161e-04
11.5485125,2.4546e-04
11.5719099,2.4604e-04
11.5811434,1.8592e-04
11.5966816,2.3350e-04
11.6116867,2.2128e-04
11.6275930,3.6847e-04
11.6376400,2.0618e-04
11.6544085,2.1441e-04
11.6757193,1.7407e-04
11.7041559,1.8663e-04
11.7238369,2.0372e-04
11.7309341,2.5341e-04
11.7690620,1.4928e-03
11.7841816,8.7123e-04
11.8066902,2.7383e-04
11.8175983,1.7939e-04
11.8674078,2.0753e-04
11.9130287,2.3115e-04
11.9291553,4.0176e-04
11.9813232,7.2709e-04
11.9840965,2.5713e-04
11.9859667,2.8082e-04
11.9879446,2.1611e-04
12.0196524,1.9755e-04
12.0697727,3.2070e-04
12.0759048,2.3236e-04
12.0936270,2.2009e-04
12.0956812,1.8621e-04
12.1161938,2.6923e-04
12.1179562,1.8984e-04
12.1620817,2.3076e-04
12.1740332,1.9494e-04
12.1860600,2.6346e-04
12.2026129,4.0220e-04
12.2306967,1.9649e-04
12.2476521,3.9310e-04
12.2499094,1.6973e-04
12.2536316,3.9933e-04
12.2624445,2.2187e-04
12.2652493,2.8728e-04
12.2675056,2.3106e-04
12.2694740,1.7310e-04
12.2770624,2.0186e-04
12.2974281,1.9292e-04
12.3040915,1.9082e-04
12.3325567,2.1261e-04
12.3343658,1.9760e-04
12.3557940,2.6275e-04
12.3650398,2.0627e-04
12.3669786,2.2139e-04
12.4087782,1.9029e-04
12.4418135,1.9329e-04
12.4437809,3.9601e-04
12.4463930,1.7771e-04
12.4906359,2.4105e-04
12.5249357,2.9121e-04
12.5405121,2.1514e-04
12.5422354,2.3007e-04
12.5772810,6.7597e-04
12.6056213,1.8120e-04
12.6073666,1.8462e-04
12.6528015,3.3963e-04
12.6787853,4.0331e-04
12.6819429,2.6426e-04
12.6890240,2.3668e-04
12.7021685,2.2760e-04
12.7200842,1.9958e-04
12.7225065,2.8798e-04
12.7255688,1.9418e-04
12.7271137,2.0532e-04
12.7546911,8.0988e-04
12.7621584,2.3344e-04
12.7639456,5.3256e-03
12.7909870,2.5386e-04
12.8137598,1.8416e-04
12.8229198,2.0300e-04
12.8283005,2.5200e-04
12.8372726,2.2267e-04
12.8489857,2.5320e-04
12.8719149,2.2399e-04
12.8892393,2.0597e-04
12.9007282,1.9239e-04
12.9135389,1.8652e-04
12.9292631,3.1972e-04
12.9498701,2.5165e-04
12.9516506,1.5806e-03
12.9655905,1.7206e-04
12.9670019,1.6109e-04
12.9823418,1.8695e-04
12.9987898,2.0611e-04
13.0142288,1.8960e-04
13.0311346,2.9809e-04
13.0449486,1.8041e-04
13.0635195,1.5000e-04
13.0753965,1.9687e-04
13.0852156,2.0543e-04
13.1023540,2.0906e-04
13.1226959,2.0148e-04
13.1343641,1.9258e-04
13.1360197,1.8827e-04
13.1550837,2.1067e-04
13.1746845,2.0022e-04
13.1900463,2.2793e-04
13.2034626,2.5703e-04
13.2178373,2.1450e-04
13.2346516,2.1256e-04
13.2461967,2.8152e-04
13.2605028,2.5524e-04
13.2745514,2.5490e-04
13.3086405,1.7767e-04
13.3233547,2.0215e-04
13.3383617,3.6388e-04
13.3572493,2.5991e-04
13.3734741,2.7972e-04
13.4121590,1.9541e-04
13.4301033,2.2827e-04
13.4600821,2.7782e-04
13.4812183,2.0179e-04
13.5014877,1.8203e-04
13.5267887,3.6365e-04
13.5648890,2.6661e-04
13.5884209,2.5045e-04
13.5902205,1.8256e-04
13.6029110,2.0012e-04
13.6216812,1.9845e-04
13.6319714,2.9161e-04
13.6547718,2.1439e-04
13.6770926,2.1413e-04
13.6864395,2.8032e-04
13.7060261,2.3594e-02
13.7310944,4.0625e-04
13.7336254,2.5566e-04
13.7486629,1.8019e-04
13.7504101,2.9138e-04
13.7520790,1.7566e-04
13.7657967,1.8334e-04
13.7864780,1.8598e-04
13.7929258,2.0793e-04
13.8008423,1.9307e-04
13.8266354,1.8957e-04
13.8819952,6.7748e-04
13.8956356,2.5271e-04
13.9277248,1.6972e-04
13.9474554,2.1347e-04
13.9515266,1.8486e-04
13.9624119,2.7721e-04
13.9640388,1.6709e-04
14.0066566,1.8382e-04
14.0083418,1.7380e-04
14.0137014,1.8788e-04
14.0234585,2.1716e-04
14.0399418,2.2284e-04
14.0526743,2.2697e-04
14.0544386,1.8076e-04
14.0833464,1.7317e-04
14.1424570,1.9537e-04
14.1442471,1.8245e-04
14.1589870,2.4486e-04
14.1655235,2.1994e-04
14.1779509,2.3297e-04
14.1796017,2.0084e-04
14.2021923,1.7208e-04
14.2038050,2.0876e-04
14.2076645,1.8439e-04
14.2239628,2.0968e-04
14.2330828,2.0348e-04
14.2445717,2.3977e-04
14.2460499,1.9099e-04
14.2586260,1.8464e-04
14.2603531,2.3548e-04
14.2708731,1.8920e-04
14.2724752,1.7696e-04
14.3053427,2.0038e-04
14.3186846,3.1186e-04
14.3203726,1.9859e-04
14.3358221,1.8934e-04
14.3598328,1.6726e-04
14.3926687,1.6685e-04
14.4006691,1.7747e-04
14.4109411,2.3257e-04
14.4127445,2.0744e-04
14.4143839,1.7623e-04
14.4159803,1.6648e-04
14.4372749,1.8979e-04
14.4573412,1.8047e-04
14.4699688,1.6898e-04
14.4830856,2.3425e-04
14.4960594,2.3392e-04
14.5057716,1.9072e-04
14.5138426,1.8020e-04
14.5259838,1.7228e-04
14.5418262,1.8313e-04
14.5581226,2.6663e-04
14.5899467,1.7746e-04
14.6297188,2.4645e-04
14.6563730,1.9657e-04
14.6910458,2.0542e-04
14.7406235,2.2078e-04
14.7544861,1.9589e-04
14.7851629,1.8290e-04
14.8016033,2.1886e-04
14.8278790,1.9537e-04
14.8426695,2.1765e-04
14.9167156,1.8702e-04
14.9182587,1.6515e-04
14.9198685,1.9969e-04
14.9329691,1.9188e-04
14.9749937,2.3201e-04
14.9891911,2.4779e-04
15.0083561,2.3838e-04
