time,runtime
0.0000029,6.5079e-03
0.0065133,6.8980e-03
0.0134138,9.0840e-04
0.0143246,7.9808e-04
0.0151248,8.1639e-04
0.0159433,8.9687e-04
0.0168423,1.9465e-03
0.0187908,3.6857e-03
0.0224808,2.4059e-03
0.0248889,2.5174e-03
0.0274086,1.3947e-03
0.0288055,2.8382e-03
0.0316460,2.4729e-03
0.0341211,1.6699e-03
0.0357934,1.0559e-03
0.0368513,1.6209e-03
0.0384744,2.9568e-03
0.0414335,1.4788e-03
0.0429146,3.5040e-03
0.0464209,1.2439e-03
0.0476671,1.9432e-03
0.0496126,3.8580e-03
0.0534751,1.1394e-02
0.0648735,9.0868e-04
0.0657845,7.3282e-03
0.0731172,2.4705e-03
0.0755900,2.8920e-03
0.0784842,2.7956e-03
0.0812821,5.6378e-03
0.0869222,2.0931e-03
0.0890175,1.6809e-03
0.0907007,3.2152e-03
0.0939181,1.1039e-03
0.0950240,1.5633e-02
0.1106619,6.0054e-03
0.1166720,1.4578e-03
0.1181344,1.2427e-03
0.1193793,1.1935e-03
0.1205750,4.9455e-03
0.1255230,1.1630e-03
0.1266884,1.0277e-03
0.1277179,3.7824e-03
0.1315026,1.8115e-03
0.1333164,1.7447e-03
0.1350633,3.2137e-03
0.1382791,1.7739e-03
0.1400565,8.3544e-04
0.1408940,1.0507e-03
0.1419468,1.4679e-03
0.1434169,7.4600e-03
0.1508822,1.5295e-03
0.1524167,5.3406e-03
0.1577596,7.1523e-04
0.1584771,2.2368e-03
0.1607161,1.4577e-03
0.1621784,4.9009e-03
0.1670816,3.9371e-03
0.1710210,2.3233e-03
0.1733466,1.8678e-03
0.1752188,1.5520e-03
0.1767730,2.5978e-03
0.1793753,2.0169e-03
0.1813965,5.0041e-03
0.1864028,9.2097e-04
0.1873259,1.0810e-03
0.1884090,9.3550e-04
0.1893467,8.4937e-04
0.1902001,1.0311e-03
0.1912334,2.0468e-03
0.1932824,8.3515e-04
0.1941197,8.8041e-04
0.1950042,1.8474e-03
0.1968538,1.9320e-03
0.1987880,7.2616e-04
0.1995163,7.1538e-04
0.2002329,2.5686e-03
0.2028036,9.4838e-04
0.2037556,1.4606e-03
0.2052202,3.0809e-03
0.2083032,9.5967e-04
0.2092648,1.6932e-03
0.2109600,4.7595e-03
0.2157215,4.4236e-03
0.2201494,8.9654e-04
0.2210480,1.2396e-03
0.2222918,4.1932e-03
0.2264874,2.9462e-03
0.2294383,2.9933e-03
0.2324341,1.2321e-03
0.2336682,1.1491e-03
0.2348197,1.7923e-03
0.2366144,1.7723e-03
0.2383890,2.1628e-03
0.2405541,1.3247e-03
0.2418810,2.1512e-03
0.2440344,1.9573e-03
0.2459939,1.6468e-03
0.2476548,6.4626e-03
0.2541195,2.8319e-02
0.2824408,8.0916e-03
0.2905351,1.7185e-03
0.2922561,2.1351e-03
0.2943936,3.8668e-03
0.2982627,2.0380e-02
0.3186456,8.3482e-03
0.3269962,2.8437e-03
0.3298447,2.5905e-03
0.3324375,3.2825e-03
0.3357224,1.8851e-03
0.3376098,3.4203e-03
0.3410325,9.1454e-03
0.3501801,7.1626e-04
0.3508986,1.2661e-03
0.3521670,7.8725e-03
0.3600418,2.9940e-03
0.3630381,1.5105e-02
0.3781456,1.4820e-03
0.3796298,8.8772e-04
0.3805197,9.6918e-03
0.3902161,1.0727e-03
0.3912908,8.1678e-04
0.3921099,2.3235e-03
0.3944356,9.0884e-03
0.4035264,1.6385e-03
0.4051672,1.3932e-03
0.4065625,4.4578e-03
0.4110225,1.9724e-03
0.4129971,1.4289e-03
0.4144284,1.1697e-03
0.4156003,1.5230e-03
0.4171256,8.1183e-04
0.4179396,1.8373e-03
0.4197790,1.2699e-03
0.4210509,2.3700e-03
0.4234230,3.8710e-03
0.4272962,3.3828e-03
0.4306810,1.4229e-03
0.4321062,8.9725e-03
0.4410830,3.6853e-03
0.4447710,1.7360e-03
0.4465095,1.1753e-03
0.4476870,1.6437e-02
0.4641289,2.5635e-03
0.4666938,1.6433e-03
0.4683399,9.6038e-04
0.4693027,1.4815e-03
0.4707865,1.8986e-03
0.4726876,1.3879e-03
0.4740803,2.0981e-03
0.4761831,7.8315e-04
0.4769686,1.7362e-03
0.4787071,1.9086e-03
0.4806181,8.7104e-04
0.4814912,9.1439e-04
0.4824101,1.1953e-03
0.4836075,1.7431e-03
0.4853529,1.1586e-03
0.4865140,1.9531e-03
0.4884693,1.0129e-03
0.4894844,7.2089e-04
0.4902074,8.0779e-04
0.4910172,9.0657e-04
0.4919258,1.1660e-03
0.4930938,9.3841e-04
0.4940343,7.4703e-04
0.4947835,9.4610e-04
0.4957339,9.5651e-04
0.4966927,8.5959e-03
0.5052909,9.4024e-04
0.5062332,1.1334e-03
0.5073706,3.1214e-03
0.5104942,1.9121e-03
0.5124105,1.5652e-03
0.5139795,2.7439e-03
0.5167256,1.4573e-03
0.5181847,2.0896e-03
0.5202765,8.3035e-04
0.5211091,1.3235e-03
0.5224348,1.0898e-03
0.5235267,1.1444e-03
0.5246732,3.9734e-03
0.5286489,9.1364e-04
0.5295648,3.7635e-03
0.5333306,1.3597e-03
0.5346926,2.8651e-03
0.5375600,2.7578e-03
0.5403222,3.1155e-03
0.5434398,7.7631e-03
0.5512057,3.7381e-03
0.5549463,5.5399e-03
0.5604886,2.6122e-02
0.5866129,7.7783e-03
0.5943934,3.9333e-03
0.5983291,8.4683e-04
0.5991780,1.6979e-03
0.6008781,7.8909e-04
0.6016693,1.5220e-03
0.6031935,1.1037e-03
0.6042992,4.9900e-03
0.6092938,2.1200e-03
0.6114176,8.4059e-04
0.6122594,7.2404e-04
0.6129847,6.8985e-04
0.6136757,6.7138e-04
0.6143482,7.3539e-04
0.6150857,7.3306e-04
0.6158207,3.9847e-03
0.6198075,3.5022e-03
0.6233121,2.5843e-03
0.6258985,2.1469e-03
0.6280474,1.0887e-03
0.6291383,3.1174e-03
0.6322585,1.8629e-03
0.6341238,2.7823e-03
0.6369110,9.7057e-04
0.6378838,1.0753e-03
0.6389613,1.3015e-03
0.6402651,2.1360e-03
0.6424033,1.0576e-03
0.6434630,1.9194e-03
0.6453865,8.7740e-04
0.6462661,1.0760e-03
0.6473443,1.4786e-03
0.6488268,2.1420e-03
0.6509731,1.0514e-02
0.6614915,5.4138e-03
0.6669075,9.5515e-04
0.6678669,2.2688e-03
0.6701381,3.3496e-03
0.6734920,8.9121e-04
0.6743875,4.8679e-03
0.6792576,1.1013e-03
0.6803609,8.6169e-04
0.6812248,9.5753e-03
0.6908023,3.1768e-03
0.6939813,1.7100e-03
0.6956934,1.9829e-03
0.6976785,3.5093e-03
0.7011900,1.3404e-03
0.7025323,3.5541e-03
0.7060910,1.8994e-03
0.7079926,1.4876e-03
0.7094823,1.7748e-03
0.7112593,3.4484e-03
0.7147099,5.1321e-03
0.7198465,1.3804e-03
0.7212290,8.9136e-04
0.7221226,1.2528e-03
0.7233775,1.6813e-03
0.7250631,1.5671e-03
0.7266323,1.7606e-03
0.7283950,1.3955e-03
0.7297945,3.3895e-03
0.7331862,3.6569e-03
0.7368453,1.3008e-03
0.7381482,8.3231e-03
0.7464734,1.0073e-02
0.7565506,1.1035e-03
0.7576563,1.5533e-03
0.7592119,3.1434e-03
0.7623595,1.9751e-03
0.7643368,1.1869e-03
0.7655258,9.1023e-03
0.7746302,1.5561e-02
0.7901939,2.1340e-03
0.7923300,5.7592e-03
0.7980915,3.8528e-03
0.8019466,9.4152e-04
0.8028902,4.2449e-03
0.8071397,1.0938e-03
0.8082370,3.3542e-03
0.8115934,8.8074e-04
0.8124762,1.0600e-03
0.8135383,1.4747e-03
0.8150151,9.5923e-04
0.8159766,1.1306e-03
0.8171090,6.6028e-03
0.8237141,7.0577e-03
0.8307741,2.7096e-03
0.8334858,3.2935e-03
0.8367814,1.3701e-03
0.8381527,1.0840e-03
0.8392391,1.5101e-03
0.8407513,1.1728e-02
0.8524812,2.4680e-03
0.8549514,1.8564e-03
0.8568100,2.4788e-03
0.8592930,1.7569e-03
0.8610520,3.5730e-03
0.8646274,3.4147e-03
0.8680445,1.2338e-03
0.8692805,4.4043e-03
0.8736872,2.2698e-02
0.8963896,2.7744e-03
0.8991663,1.2492e-03
0.9004179,1.3182e-03
0.9017382,8.2934e-04
0.9025695,1.4943e-03
0.9040660,1.3618e-03
0.9054300,3.1927e-03
0.9086247,3.1797e-03
0.9118088,1.5982e-03
0.9134093,2.3242e-03
0.9157379,9.3692e-04
0.9166769,3.3066e-03
0.9199856,2.5662e-03
0.9225562,1.8747e-03
0.9244348,3.5799e-03
0.9280169,8.8240e-04
0.9289015,1.2043e-03
0.9301078,2.3011e-03
0.9324111,1.4648e-03
0.9338801,1.0370e-03
0.9349183,8.3701e-04
0.9357574,1.0533e-03
0.9368129,2.9029e-03
0.9397179,8.0874e-04
0.9405286,7.8493e-04
0.9413157,8.2541e-04
0.9421430,1.0756e-03
0.9432207,1.0951e-02
0.9541759,1.3704e-03
0.9555486,2.9907e-03
0.9585434,6.8845e-03
0.9654300,1.7707e-03
0.9672047,2.2246e-03
0.9694316,7.2232e-03
0.9766587,1.2923e-03
0.9779530,1.1844e-03
0.9791394,6.5495e-03
0.9856913,1.1451e-03
0.9868385,1.0128e-03
0.9878533,1.4815e-03
0.9893368,8.0720e-04
0.9901460,5.9185e-03
0.9960668,2.2224e-03
0.9982914,1.8206e-03
1.0001162,1.6671e-03
1.0017855,1.5175e-03
1.0033047,3.5684e-03
1.0068752,9.9127e-04
1.0078706,9.4720e-04
1.0088214,1.0917e-02
1.0197407,1.6017e-03
1.0213467,7.6890e-04
1.0221177,7.9381e-04
1.0229244,7.7854e-04
1.0237042,2.9221e-03
1.0266283,2.5512e-03
1.0291817,3.5187e-03
1.0327026,2.1357e-03
1.0348406,2.0634e-03
1.0369062,3.4602e-02
1.0715113,2.0123e-03
1.0735260,2.0513e-03
1.0755799,3.7020e-03
1.0792843,1.2511e-03
1.0805378,7.4634e-04
1.0812864,1.0499e-03
1.0823386,2.8329e-03
1.0851737,2.7831e-03
1.0879591,1.3521e-03
1.0893130,1.4227e-03
1.0907379,9.4481e-04
1.0916848,2.4519e-03
1.0941410,6.1193e-03
1.1002647,2.2234e-03
1.1024922,1.8464e-03
1.1043409,9.0880e-04
1.1052520,5.8890e-03
1.1111455,1.0170e-02
1.1213199,9.2417e-04
1.1222461,7.8236e-04
1.1230305,7.5479e-04
1.1237874,3.1481e-03
1.1269374,5.0637e-03
1.1320034,3.0383e-03
1.1350440,1.5987e-03
1.1366450,1.9523e-03
1.1385994,7.6622e-04
1.1393676,1.4040e-02
1.1534123,3.5465e-03
1.1569612,1.1627e-02
1.1685908,7.3697e-04
1.1693298,6.7220e-03
1.1760559,1.7964e-03
1.1778545,4.4409e-03
1.1822976,1.0174e-03
1.1833173,1.9082e-02
1.2024014,5.3902e-03
1.2077941,2.0817e-03
1.2098782,4.4952e-03
1.2143756,7.7187e-03
1.2220967,1.5006e-03
1.2236000,1.2810e-03
1.2248851,1.9331e-03
1.2268205,1.6035e-03
1.2284261,8.8895e-04
1.2293173,1.2140e-03
1.2305334,1.4722e-03
1.2320089,2.5590e-03
1.2345699,2.4103e-03
1.2369826,2.1261e-03
1.2391109,1.3519e-03
1.2404650,5.7762e-03
1.2462435,1.6451e-03
1.2478908,1.1692e-03
1.2490623,9.6842e-04
1.2500349,1.1671e-03
1.2512043,7.2298e-04
1.2519292,3.5098e-03
1.2554412,4.4184e-03
1.2598618,8.5114e-04
1.2607154,1.0604e-03
1.2617779,2.2049e-03
1.2639850,1.4477e-03
1.2654349,1.0370e-03
1.2664741,8.5820e-04
1.2673345,1.6007e-03
1.2689373,2.1201e-03
1.2710596,8.8257e-04
1.2719444,2.4637e-03
1.2744104,2.9571e-03
1.2773721,3.1534e-03
1.2805299,4.8614e-03
1.2853935,1.4979e-03
1.2868937,1.5807e-03
1.2884765,1.0337e-03
1.2895124,1.1543e-03
1.2906688,8.2789e-04
1.2914989,8.7269e-04
1.2923739,3.7389e-03
1.2961150,2.5720e-03
1.2986894,8.6388e-04
1.2995553,7.9534e-04
1.3003526,9.2587e-04
1.3012805,9.5230e-04
1.3022349,8.9935e-04
1.3031363,7.4315e-03
1.3105704,1.4188e-03
1.3119915,2.5572e-03
1.3145531,1.2721e-03
1.3158275,1.1687e-03
1.3169985,1.7202e-03
1.3187211,2.5632e-03
1.3212864,3.3260e-03
1.3246149,1.5388e-03
1.3261579,2.5964e-03
1.3287566,7.7861e-04
1.3295372,7.7440e-04
1.3303158,1.6405e-03
1.3319587,4.6676e-03
1.3366286,2.8116e-03
1.3394445,2.0890e-03
1.3415358,1.2651e-03
1.3428031,6.0397e-03
1.3488450,3.7603e-03
1.3526074,2.8187e-03
1.3554283,2.5706e-03
1.3580029,2.2721e-03
1.3602769,1.3697e-03
1.3616487,3.3466e-03
1.3649974,2.7368e-03
1.3677363,4.5537e-03
1.3722943,1.0390e-02
1.3826885,1.8880e-03
1.3845787,1.2214e-03
1.3858023,9.6626e-04
1.3867706,1.1199e-03
1.3878926,1.9329e-03
1.3898298,9.1877e-03
1.3990197,1.4248e-03
1.4004467,1.0824e-03
1.4015313,9.7771e-04
1.4025103,1.0320e-03
1.4035447,2.1940e-03
1.4057429,9.0129e-03
1.4147580,1.3186e-02
1.4279485,6.8266e-04
1.4286326,1.0925e-03
1.4297272,8.1264e-04
1.4305421,8.2930e-04
1.4313754,9.4292e-04
1.4323204,8.5091e-04
1.4331731,5.4485e-03
1.4386237,2.6107e-03
1.4412366,1.9203e-03
1.4431592,8.1162e-04
1.4439729,1.1929e-03
1.4451681,1.6490e-03
1.4468193,3.1352e-03
1.4499567,1.8143e-03
1.4517729,6.4424e-03
1.4582176,8.4207e-04
1.4590619,9.1823e-04
1.4599841,2.9176e-03
1.4629037,1.0119e-03
1.4639179,2.4270e-03
1.4663469,2.0684e-03
1.4684174,3.0921e-03
1.4715139,3.8782e-03
1.4753942,6.1556e-03
1.4815520,8.7906e-04
1.4824352,1.2593e-03
1.4837010,1.9389e-03
1.4856421,3.8021e-03
1.4894485,2.0348e-03
1.4914855,1.2339e-03
1.4927217,5.6624e-03
1.4983863,7.4269e-03
1.5058156,1.1166e-03
1.5069345,1.0528e-03
1.5079896,1.0477e-03
1.5090394,1.2175e-03
1.5102592,2.4198e-03
1.5126811,1.1015e-03
1.5137849,1.2126e-03
1.5149996,8.0913e-03
1.5230932,3.0242e-03
1.5261197,1.6978e-03
1.5278218,2.6422e-03
1.5304661,1.0638e-03
1.5315320,3.1694e-03
1.5347036,1.1156e-03
1.5358211,1.1122e-03
1.5369366,1.4106e-03
1.5383511,8.4510e-04
1.5391982,1.3663e-03
1.5405685,1.3920e-03
1.5419625,2.1989e-03
1.5441636,1.4253e-03
1.5455911,8.1277e-04
1.5464060,9.3544e-04
1.5473436,3.9125e-03
1.5512583,1.4285e-03
1.5526911,3.0504e-03
1.5557437,2.7637e-03
1.5585095,4.3241e-03
1.5628358,8.4542e-04
1.5636835,1.4209e-03
1.5651063,9.2188e-04
1.5660300,7.8285e-04
1.5668166,8.5720e-04
1.5676758,6.6211e-03
1.5742992,9.4846e-04
1.5752496,1.0017e-03
1.5762534,1.7895e-02
1.5941510,9.2915e-04
1.5950823,1.7960e-03
1.5968826,2.2622e-03
1.5991470,1.4416e-03
1.6005927,1.0020e-03
1.6015968,1.1411e-03
1.6027422,7.4779e-03
1.6102223,2.6183e-03
1.6128429,2.0560e-03
1.6149011,1.9837e-03
1.6168870,1.4223e-03
1.6183113,4.2184e-03
1.6225318,8.5561e-03
1.6310903,9.1481e-04
1.6320072,9.6974e-04
1.6329792,8.9906e-04
1.6338814,7.4208e-04
1.6346257,8.3657e-04
1.6354643,6.4746e-04
1.6361139,6.4782e-04
1.6367636,7.8259e-04
1.6375496,9.7338e-04
1.6385249,6.8128e-04
1.6392101,7.7249e-04
1.6399868,6.9941e-03
1.6469851,1.4176e-02
1.6611634,8.9080e-04
1.6620675,6.7039e-04
1.6627390,9.4993e-04
1.6636912,1.6270e-03
1.6653203,4.9064e-03
1.6702291,3.0943e-03
1.6733254,3.5668e-03
1.6768944,4.8387e-03
1.6817375,9.0816e-04
1.6826497,1.0862e-03
1.6837403,5.9740e-03
1.6897165,1.6583e-03
1.6913790,1.6711e-03
1.6930523,1.3494e-03
1.6944038,8.9770e-04
1.6953037,9.0891e-04
1.6962168,1.5105e-03
1.6977293,1.8523e-03
1.6995859,2.3942e-02
1.7235305,2.2653e-03
1.7258004,3.1323e-03
1.7289350,1.8163e-03
1.7307537,1.4217e-03
1.7321777,1.2060e-03
1.7333874,2.4937e-03
1.7358832,1.8818e-03
1.7377671,1.1434e-03
1.7389126,1.0656e-03
1.7399803,6.2357e-03
1.7462183,1.2269e-03
1.7474473,6.0898e-03
1.7535393,8.8414e-04
1.7544276,1.1325e-03
1.7555643,1.8921e-03
1.7574587,3.2868e-03
1.7607476,8.8618e-04
1.7616378,2.3349e-03
1.7639749,1.0807e-03
1.7650576,1.5094e-03
1.7665691,1.2637e-03
1.7678370,1.7086e-03
1.7695479,7.0339e-04
1.7702534,2.7579e-03
1.7730136,8.0809e-04
1.7738239,1.8172e-03
1.7756431,1.4639e-03
1.7771091,1.3425e-03
1.7784538,2.3604e-02
1.8020607,1.5461e-03
1.8036090,1.1842e-03
1.8047955,8.6103e-04
1.8056608,1.9090e-03
1.8075721,9.4174e-04
1.8085159,8.4966e-04
1.8093693,8.3981e-04
1.8102130,6.7029e-03
1.8169181,1.0315e-03
1.8179518,1.0296e-03
1.8189836,1.7747e-03
1.8207606,8.5804e-04
1.8216208,3.9393e-03
1.8255644,2.3910e-03
1.8279575,9.4186e-04
1.8289015,8.6338e-04
1.8297669,4.0141e-03
1.8337853,9.3514e-04
1.8347225,1.9665e-03
1.8366929,2.0983e-03
1.8387933,1.2757e-03
1.8400711,1.2270e-03
1.8413002,1.7531e-02
1.8588338,8.9453e-04
1.8597306,2.7702e-03
1.8625031,1.5882e-03
1.8640935,1.2793e-03
1.8653748,8.1002e-04
1.8661871,8.2126e-04
1.8670105,1.5361e-03
1.8685488,1.4362e-03
1.8699869,1.4903e-03
1.8714813,4.9828e-03
1.8764685,9.8138e-04
1.8774519,8.8822e-04
1.8783420,8.9686e-04
1.8792409,6.6483e-04
1.8799077,8.3759e-04
1.8807493,7.3480e-04
1.8814859,6.9161e-04
1.8821794,7.7025e-03
1.8898839,3.6614e-03
1.8935496,1.2158e-03
1.8947697,3.4211e-03
1.8981929,4.2042e-03
1.9023992,9.8502e-04
1.9033862,8.5746e-04
1.9042459,7.5755e-04
1.9050056,3.9673e-03
1.9089754,9.2303e-04
1.9099005,1.8955e-03
1.9117984,9.2438e-04
1.9127249,8.1628e-04
1.9135432,1.0472e-02
1.9240177,7.6033e-04
1.9247801,9.3236e-04
1.9257147,4.2581e-03
1.9299749,7.1906e-04
1.9306990,8.3175e-04
1.9315326,7.9736e-04
1.9323434,1.2919e-02
1.9452645,1.9796e-03
1.9472463,2.6110e-03
1.9498596,1.0552e-03
1.9509168,1.0047e-03
1.9519235,1.3969e-03
1.9533226,2.1916e-03
1.9555184,5.3523e-03
1.9608749,2.4362e-03
1.9633133,1.8883e-03
1.9652039,1.2262e-03
1.9664322,2.0659e-03
1.9685003,1.1214e-03
1.9696237,9.9629e-04
1.9706222,9.1871e-04
1.9715428,7.5403e-04
1.9722991,8.0946e-04
1.9731106,1.0603e-03
1.9741728,1.7880e-03
1.9759630,1.6012e-03
1.9775664,7.7230e-03
1.9852915,1.2034e-03
1.9864991,5.0972e-03
1.9915985,3.1557e-03
1.9947565,1.0291e-03
1.9957895,1.3224e-03
1.9971162,5.0463e-03
2.0021646,3.1695e-03
2.0053365,1.3988e-03
2.0067375,2.3365e-03
2.0090761,2.6778e-03
2.0117559,3.1116e-03
2.0148697,1.8884e-03
2.0167606,4.0399e-03
2.0208025,7.2219e-03
2.0280266,6.7161e-03
2.0347452,3.5684e-03
2.0383160,3.2822e-03
2.0416024,2.4447e-03
2.0440495,8.1928e-04
2.0448706,7.8119e-04
2.0456538,7.4834e-04
2.0464041,9.3129e-04
2.0473373,2.0703e-02
2.0680425,1.5105e-03
2.0695553,2.5356e-03
2.0720930,3.2798e-03
2.0753751,5.3030e-03
2.0806825,8.0956e-04
2.0814943,8.7658e-04
2.0823731,3.1170e-03
2.0854940,8.9095e-03
2.0944080,1.0582e-03
2.0954683,7.5468e-03
2.1030195,1.5908e-03
2.1046124,3.9447e-03
2.1085618,2.3294e-03
2.1108935,2.8850e-03
2.1137807,2.2360e-03
2.1160212,1.1422e-03
2.1171653,1.6006e-03
2.1187680,7.6853e-04
2.1195388,1.7297e-03
2.1212704,1.1705e-03
2.1224432,2.3028e-03
2.1247504,6.3533e-03
2.1311083,3.6626e-03
2.1347733,1.0843e-03
2.1358595,2.4687e-03
2.1383324,1.8640e-03
2.1401985,8.4258e-03
2.1486266,2.5804e-03
2.1512094,3.6079e-03
2.1548195,1.8743e-03
2.1567008,7.7838e-04
2.1574810,1.3246e-03
2.1588078,3.5434e-03
2.1623535,4.9580e-03
2.1673136,2.3682e-03
2.1696839,1.9194e-03
2.1716056,1.6849e-03
2.1732948,1.1391e-03
2.1744380,3.6637e-03
2.1781039,7.4576e-03
2.1855638,2.5263e-03
2.1880925,8.7274e-04
2.1889672,1.0313e-03
2.1900027,1.0645e-03
2.1910694,8.3773e-04
2.1919110,1.1835e-02
2.2037480,9.7857e-03
2.2135360,9.6252e-04
2.2145004,9.5912e-04
2.2154617,4.5403e-03
2.2200062,1.5180e-03
2.2215264,2.7270e-02
2.2487984,2.5989e-03
2.2513998,2.0610e-03
2.2534652,7.4348e-04
2.2542107,1.6908e-02
2.2711241,4.3374e-03
2.2754641,1.1943e-02
2.2874091,9.0512e-03
2.2964628,8.2172e-04
2.2972867,2.5905e-03
2.2998796,7.6968e-04
2.3006513,1.1722e-03
2.3018258,8.5526e-04
2.3026834,1.2756e-03
2.3039613,9.8972e-04
2.3049533,7.9988e-04
2.3057570,7.0692e-04
2.3064661,9.1967e-04
2.3073878,7.9705e-04
2.3081870,8.2523e-04
2.3090141,9.0913e-04
2.3099270,7.8371e-04
2.3107126,9.9778e-04
2.3117123,1.0839e-03
2.3127992,1.1537e-02
2.3243387,8.9761e-04
2.3252411,1.9977e-03
2.3272436,6.4900e-03
2.3337383,2.5334e-03
2.3362765,1.8884e-03
2.3381670,3.0513e-03
2.3412228,6.2572e-03
2.3474824,3.5305e-03
2.3510153,2.7586e-03
2.3537762,1.2489e-03
2.3550274,1.2746e-03
2.3563066,1.1929e-03
2.3575017,1.3221e-02
2.3707244,7.2345e-03
2.3779614,2.8765e-03
2.3808401,3.5399e-03
2.3843825,4.0110e-03
2.3883955,2.7558e-03
2.3911538,9.2500e-04
2.3920810,1.4223e-03
2.3935075,1.2929e-03
2.3948026,1.8836e-03
2.3966885,1.8741e-03
2.3985646,2.4011e-03
2.4009681,2.4589e-03
2.4034290,2.6913e-03
2.4061224,9.5392e-04
2.4070787,2.4407e-02
2.4314899,8.8804e-04
2.4323804,5.0087e-03
2.4373915,9.1649e-04
2.4383099,7.8112e-04
2.4390934,1.4988e-03
2.4405942,2.0076e-03
2.4426041,7.9298e-04
2.4433990,1.6155e-03
2.4450183,9.6609e-04
2.4459865,1.2975e-03
2.4472883,2.4365e-03
2.4497268,3.0938e-03
2.4528229,1.6728e-03
2.4545000,1.3031e-03
2.4558072,3.0978e-03
2.4589074,1.7937e-03
2.4607031,1.9886e-03
2.4626939,5.1746e-03
2.4678707,4.8568e-03
2.4727297,1.5787e-03
2.4743109,1.0174e-02
2.4844894,2.9524e-02
2.5140181,5.5172e-03
2.5195374,1.2540e-02
2.5320797,5.8416e-03
2.5379236,2.4802e-03
2.5404060,1.0501e-02
2.5509095,8.7835e-04
2.5517900,6.6319e-04
2.5524545,7.9280e-04
2.5532491,6.9896e-04
2.5539498,1.0794e-02
2.5647466,7.5645e-04
2.5655053,1.0661e-03
2.5665760,1.6918e-03
2.5682702,1.6315e-03
2.5699041,1.9270e-03
2.5718334,2.6365e-03
2.5744722,1.4201e-03
2.5758946,1.9592e-03
2.5778580,2.1433e-03
2.5800035,2.4988e-03
2.5825067,1.0121e-03
2.5835207,1.4480e-02
2.5980031,3.8867e-03
2.6018922,1.0470e-03
2.6029413,8.1882e-04
2.6037619,1.0591e-03
2.6048241,9.4608e-04
2.6057725,1.1445e-03
2.6069193,1.4382e-03
2.6083596,2.4231e-03
2.6107848,2.5689e-03
2.6133559,1.0936e-03
2.6144516,1.8264e-03
2.6162803,1.6503e-03
2.6179328,1.6854e-03
2.6196203,2.4944e-03
2.6221170,5.9315e-03
2.6280510,1.4240e-03
2.6294775,1.8838e-03
2.6313636,7.6537e-04
2.6321311,6.3293e-04
2.6327662,8.8719e-03
2.6416426,4.0815e-03
2.6457264,4.0351e-03
2.6497660,2.1104e-03
2.6518807,4.0391e-03
2.6559219,1.6160e-03
2.6575403,5.0662e-03
2.6626086,1.9559e-03
2.6645787,3.8289e-03
2.6684096,9.7449e-03
2.6781592,5.0782e-03
2.6832397,6.2883e-03
2.6895328,1.7311e-02
2.7068460,6.1337e-03
2.7129824,1.4667e-02
2.7276521,3.9284e-03
2.7315853,3.6944e-03
2.7352846,3.7638e-03
2.7390506,4.2754e-03
2.7433305,1.1062e-03
2.7444391,3.3949e-03
2.7478361,3.7624e-03
2.7516034,5.4283e-03
2.7570341,9.5660e-04
2.7579949,1.4815e-03
2.7594807,2.5011e-03
2.7619839,7.7593e-04
2.7627611,9.7759e-04
2.7637427,8.4614e-04
2.7645910,3.0486e-02
2.7950816,8.7139e-04
2.7959552,1.3379e-03
2.7972953,6.8205e-04
2.7979796,1.0472e-02
2.8084557,1.0290e-03
2.8094890,1.0258e-03
2.8105171,1.2586e-03
2.8117778,1.6332e-03
2.8134134,1.9972e-03
2.8154130,1.2056e-03
2.8166206,1.2754e-03
2.8178983,1.0853e-03
2.8189857,2.7543e-03
2.8217442,1.9190e-03
2.8236654,1.8083e-03
2.8254759,2.2791e-03
2.8277574,8.9875e-04
2.8286583,2.0914e-03
2.8307519,9.5478e-04
2.8317089,1.6661e-03
2.8333771,2.4725e-03
2.8358519,1.9001e-03
2.8377542,1.0035e-03
2.8387599,8.4433e-04
2.8396063,9.1308e-04
2.8405216,2.9045e-03
2.8434284,2.2751e-03
2.8457057,1.2310e-03
2.8469391,3.0405e-03
2.8499818,2.3015e-03
2.8522882,1.6432e-03
2.8539338,1.0517e-03
2.8549876,1.3798e-03
2.8563695,1.7223e-03
2.8580961,1.0143e-03
2.8591125,1.0400e-03
2.8601546,1.2332e-03
2.8613901,1.3037e-03
2.8627040,1.1514e-03
2.8638597,1.0052e-03
2.8648670,1.5800e-03
2.8664491,9.4508e-04
2.8673961,8.0781e-04
2.8682063,1.0874e-03
2.8692956,1.9823e-03
2.8712802,3.3005e-03
2.8745828,1.9577e-03
2.8765428,9.0543e-04
2.8774502,1.0275e-03
2.8784819,8.8447e-04
2.8793681,7.1496e-04
2.8800848,7.7483e-04
2.8808632,7.4262e-04
2.8816078,7.1474e-04
2.8823237,1.1445e-03
2.8834691,7.7321e-04
2.8842435,9.2989e-04
2.8851745,7.8881e-04
2.8859656,6.9523e-04
2.8866627,8.0552e-04
2.8874700,7.8332e-04
2.8882551,7.0274e-04
2.8889616,5.8839e-03
2.8948474,1.4906e-03
2.8963404,2.0975e-03
2.8984399,2.0758e-03
2.9005179,1.6298e-03
2.9021497,1.8067e-03
2.9039586,9.1519e-03
2.9131129,8.3535e-04
2.9139504,1.0390e-02
2.9243448,2.5607e-03
2.9269099,9.1497e-04
2.9278269,1.2332e-03
2.9290624,7.9965e-04
2.9298642,7.5041e-04
2.9306169,7.9378e-04
2.9314127,2.3251e-03
2.9337401,1.2933e-03
2.9350357,9.3437e-04
2.9359744,9.6590e-04
2.9369426,4.1918e-03
2.9411390,2.6667e-03
2.9438081,8.1655e-04
2.9446268,9.7969e-04
2.9456089,8.7162e-04
2.9464827,1.4999e-03
2.9479845,7.1637e-04
2.9487021,7.0868e-04
2.9494119,8.8612e-03
2.9582753,2.7368e-03
2.9610145,2.5320e-03
2.9635489,1.0413e-03
2.9645925,3.1295e-03
2.9677241,2.5043e-03
2.9702306,9.4392e-04
2.9711766,4.6731e-03
2.9758539,7.5356e-04
2.9766095,8.0841e-04
2.9774220,8.2295e-04
2.9782467,8.7259e-04
2.9791205,9.0604e-04
2.9800301,9.7196e-04
2.9810030,3.0387e-03
2.9840441,7.4955e-04
2.9847958,8.8644e-04
2.9856842,1.0972e-03
2.9867835,7.9352e-04
2.9875793,8.0953e-04
2.9883909,1.3050e-02
3.0014458,8.4483e-04
3.0022931,7.5790e-04
3.0030532,9.4931e-04
3.0040047,2.8935e-03
3.0069005,3.5973e-03
3.0105002,8.2090e-04
3.0113232,5.3355e-03
3.0166609,8.7162e-04
3.0175347,8.5593e-04
3.0183926,6.4967e-03
3.0248916,1.2146e-03
3.0261083,1.4661e-03
3.0275767,3.8310e-03
3.0314097,7.4918e-03
3.0389037,1.0387e-02
3.0492935,5.3481e-03
3.0546460,6.1375e-03
3.0607882,6.3598e-03
3.0671501,8.4174e-03
3.0755718,3.2425e-02
3.1079991,1.1897e-02
3.1198990,5.7725e-03
3.1256738,7.3653e-03
3.1330411,8.4707e-03
3.1415143,1.6593e-02
3.1581125,5.3667e-03
3.1634817,1.8102e-02
3.1815891,9.6107e-03
3.1912050,2.4726e-02
3.2159362,9.2148e-03
3.2251556,1.4046e-02
3.2392039,5.7588e-02
3.2967944,2.9913e-02
3.3267124,2.5486e-02
3.3522012,9.2756e-03
3.3614793,1.5204e-02
3.3766856,1.3839e-02
3.3905272,1.5940e-02
3.4064701,1.5536e-02
3.4220111,3.2554e-02
3.4545703,3.5436e-02
3.4900115,3.5434e-02
3.5254509,1.9724e-02
3.5451777,1.3546e-02
3.5587263,1.8657e-02
3.5773857,2.8025e-02
3.6054161,1.7721e-02
3.6231396,2.5565e-02
3.6487074,2.2651e-02
3.6713614,1.2156e-02
3.6835206,1.9223e-02
3.7027469,1.9524e-02
3.7222743,3.6850e-02
3.7591281,1.8470e-02
3.7776031,1.5047e-02
3.7926526,2.1488e-02
3.8141444,1.6283e-02
3.8304305,1.5124e-02
3.8455596,3.5029e-02
3.8805919,2.5292e-02
3.9058874,5.0827e-02
3.9567173,5.1740e-02
4.0084629,1.0409e-02
4.0188751,1.0210e-03
4.0198989,1.4330e-02
4.0342340,2.1745e-02
4.0559845,5.3359e-02
4.1093464,2.0626e-02
4.1299758,1.6072e-02
4.1460509,3.9123e-03
4.1499662,3.3416e-02
4.1833878,2.0080e-02
4.2034707,1.9182e-02
4.2226553,8.1314e-03
4.2307901,1.9340e-02
4.2501349,3.3889e-03
4.2535286,9.5885e-04
4.2544904,9.4062e-04
4.2554355,9.0165e-04
4.2563405,9.8319e-04
4.2573266,9.9308e-04
4.2583227,1.0496e-03
4.2593751,2.5574e-03
4.2619357,2.7256e-02
4.2891946,9.8377e-03
4.2990370,1.1129e-02
4.3101821,5.1127e-03
4.3152995,2.1253e-03
4.3174276,1.2772e-03
4.3187079,9.3313e-04
4.3196445,1.3733e-03
4.3210211,1.5460e-03
4.3225698,2.0743e-03
4.3246474,9.1486e-04
4.3255639,7.1966e-04
4.3262858,1.0166e-03
4.3273053,8.0977e-04
4.3281169,9.0693e-04
4.3290253,3.4307e-03
4.3324590,1.9852e-03
4.3344469,4.6605e-03
4.3391118,1.2858e-02
4.3519731,2.8464e-02
4.3804402,8.1492e-03
4.3885942,1.2404e-02
4.4010015,2.1717e-03
4.4031768,1.2531e-02
4.4157138,1.2922e-02
4.4286399,9.7065e-04
4.4296131,2.5209e-03
4.4321370,5.6279e-03
4.4377680,3.4016e-03
4.4411864,6.6999e-03
4.4478898,3.1261e-03
4.4510193,2.7753e-02
4.4787779,9.8756e-03
4.4886594,1.3159e-02
4.5018210,1.7571e-02
4.5193973,1.1440e-02
4.5308404,6.5671e-03
4.5374126,8.1054e-03
4.5455236,3.6642e-03
4.5491910,7.8297e-03
4.5570240,4.2063e-03
4.5612330,1.9582e-02
4.5808177,2.2270e-02
4.6030908,9.2904e-03
4.6123843,5.5953e-02
4.6683407,5.4222e-02
4.7225661,1.1775e-02
4.7343445,4.8861e-03
4.7392344,1.3839e-02
4.7530770,1.1299e-02
4.7643790,1.0541e-02
4.7749257,8.6333e-03
4.7835627,7.1461e-03
4.7907143,1.1228e-02
4.8019476,1.1601e-02
4.8135514,1.8835e-02
4.8323917,5.2714e-03
4.8376665,1.2495e-02
4.8501644,1.2493e-02
4.8626614,1.7582e-02
4.8802457,1.2550e-02
4.8927989,5.5718e-03
4.8983741,4.9052e-03
4.9032845,9.5648e-03
4.9128556,8.5638e-03
4.9214249,8.1047e-03
4.9295330,1.0581e-02
4.9401169,1.1849e-02
4.9519696,1.2813e-02
4.9647861,8.0495e-03
4.9728389,1.1335e-02
4.9841795,1.0439e-02
4.9946222,8.3381e-03
5.0029631,1.0219e-02
5.0131879,1.6048e-02
5.0292406,1.4306e-02
5.0435500,1.9795e-02
5.0633483,1.6434e-03
5.0649967,1.3428e-02
5.0784297,1.1374e-02
5.0898094,9.5170e-03
5.0993299,1.4895e-03
5.1008215,3.6175e-03
5.1044421,2.7941e-03
5.1072397,1.4758e-02
5.1220002,3.0974e-03
5.1251011,6.1206e-03
5.1312246,1.4163e-02
5.1453905,7.7298e-03
5.1531234,3.2815e-03
5.1564097,2.7602e-03
5.1591754,3.4567e-03
5.1626368,1.2019e-03
5.1638422,5.7354e-03
5.1695809,2.7234e-03
5.1723084,4.2757e-03
5.1765895,3.6037e-03
5.1801963,3.8621e-03
5.1840639,5.7513e-03
5.1898203,5.2541e-03
5.1950798,2.6756e-03
5.1977587,1.1747e-03
5.1989365,1.7967e-02
5.2169056,2.9063e-03
5.2198148,3.4998e-03
5.2233176,5.1154e-03
5.2284365,9.0925e-04
5.2293487,2.6972e-03
5.2320509,3.2906e-03
5.2353449,5.0835e-03
5.2404332,9.5339e-04
5.2413898,7.8582e-04
5.2421789,5.0814e-03
5.2472773,3.7279e-03
5.2510076,2.8827e-03
5.2538934,3.2917e-03
5.2571883,2.7710e-03
5.2599626,9.6373e-04
5.2609291,2.4471e-03
5.2633796,2.7841e-03
5.2661662,1.5868e-03
5.2677565,1.6113e-03
5.2693710,1.0539e-03
5.2704282,1.0555e-03
5.2714868,1.2050e-03
5.2726946,2.2648e-03
5.2749624,1.4513e-03
5.2764168,1.1302e-03
5.2775493,1.5261e-03
5.2790785,1.0508e-03
5.2801323,1.1855e-03
5.2813206,9.4993e-04
5.2822733,8.5886e-04
5.2831349,8.4784e-04
5.2839861,7.6250e-04
5.2847514,2.5364e-03
5.2872920,9.1450e-04
5.2882094,1.0263e-03
5.2892385,1.0533e-03
5.2902946,9.8419e-04
5.2912817,1.0830e-03
5.2923675,8.2456e-04
5.2931948,9.2755e-04
5.2941251,8.5610e-04
5.2949839,8.6887e-04
5.2958555,1.3126e-03
5.2971711,8.5828e-04
5.2980318,7.2714e-04
5.2987614,2.3450e-02
5.3222141,1.7898e-03
5.3240070,1.1897e-03
5.3252015,1.1744e-03
5.3263788,9.3751e-04
5.3273191,1.3134e-03
5.3286352,1.3563e-03
5.3299947,1.0204e-03
5.3310170,9.7136e-04
5.3319917,1.2006e-03
5.3331952,1.0791e-03
5.3342772,1.1513e-03
5.3354306,1.2758e-03
5.3367095,1.0578e-03
5.3377719,1.2827e-03
5.3390570,8.7586e-04
5.3399358,8.8060e-04
5.3408179,8.3318e-04
5.3416529,7.7817e-04
5.3424325,7.9047e-04
5.3432274,6.7311e-04
5.3439031,6.7727e-04
5.3445816,7.2854e-04
5.3453116,7.3813e-04
5.3460522,6.5997e-04
5.3467135,7.6346e-04
5.3474808,1.3853e-03
5.3488684,7.6443e-04
5.3496351,7.8108e-04
5.3504181,7.4944e-04
5.3511710,7.8208e-04
5.3519545,6.5492e-04
5.3526115,6.5597e-04
5.3532696,6.7819e-04
5.3539495,6.6487e-04
5.3546157,7.6125e-04
5.3553791,2.8246e-02
5.3836288,5.6243e-03
5.3892560,5.1765e-03
5.3944373,6.1254e-03
5.4005651,6.1283e-03
5.4067030,3.0199e-03
5.4097257,2.7873e-03
5.4125156,5.5335e-03
5.4180522,5.4215e-03
5.4234767,3.5569e-03
5.4270363,2.9182e-03
5.4299569,2.2239e-02
5.4521990,6.1842e-03
5.4583879,6.3351e-03
5.4647260,1.1061e-03
5.4658346,1.0284e-03
5.4668660,8.3604e-04
5.4677043,8.2163e-04
5.4685287,6.8318e-04
5.4692140,6.7331e-04
5.4698896,6.8833e-04
5.4705801,6.8220e-04
5.4712644,7.1788e-04
5.4719849,7.5088e-03
5.4794965,1.8911e-03
5.4813900,1.9080e-03
5.4833007,1.7817e-03
5.4850850,1.1047e-03
5.4861927,8.8686e-04
5.4870820,1.3480e-03
5.4884329,1.2328e-03
5.4896684,9.8230e-04
5.4906535,8.7711e-04
5.4915333,9.0133e-04
5.4924374,1.6391e-03
5.4940810,9.7661e-04
5.4950604,2.0831e-03
5.4971461,1.4875e-03
5.4986362,1.3398e-03
5.4999785,9.4564e-04
5.5009270,9.6835e-04
5.5018978,1.0140e-03
5.5029144,2.7261e-03
5.5056434,9.9660e-04
5.5066423,1.4560e-03
5.5081015,1.0925e-03
5.5091968,1.1073e-03
5.5103064,1.1145e-03
5.5114236,9.2731e-04
5.5123534,1.5605e-03
5.5139165,1.4550e-03
5.5153742,1.9210e-03
5.5172977,1.7117e-03
5.5190120,1.4446e-03
5.5204592,9.0087e-04
5.5213628,1.9175e-03
5.5232825,1.0170e-03
5.5243020,1.2625e-03
5.5255671,1.0555e-03
5.5266252,1.6756e-03
5.5283036,2.3588e-03
5.5306649,1.1351e-03
5.5318022,2.1090e-03
5.5339141,1.0231e-03
5.5349417,1.6867e-03
5.5366306,1.7121e-03
5.5383453,8.8220e-04
5.5392299,4.0413e-03
5.5432734,6.3333e-03
5.5496092,5.9748e-03
5.5555868,2.8844e-03
5.5584755,2.7925e-03
5.5612707,2.8286e-03
5.5641012,3.0265e-03
5.5671301,2.9661e-03
5.5700984,2.8214e-03
5.5729222,5.7156e-03
5.5786428,2.8142e-03
5.5814590,2.7946e-03
5.5842557,6.2260e-03
5.5904841,6.1304e-03
5.5966167,3.5605e-03
5.6001797,3.0859e-03
5.6032681,5.7670e-03
5.6090374,3.6909e-03
5.6127305,5.8905e-03
5.6186233,2.7419e-03
5.6213698,5.2647e-03
5.6266394,2.9538e-03
5.6295977,6.0637e-03
5.6356659,1.1201e-03
5.6367888,8.8744e-04
5.6376786,1.0453e-03
5.6387262,7.9589e-04
5.6395249,9.3692e-04
5.6404638,1.1375e-03
5.6416039,1.3980e-03
5.6430044,1.0165e-03
5.6440234,9.9616e-04
5.6450219,1.0079e-03
5.6460319,8.4228e-04
5.6468763,1.2555e-03
5.6481342,1.0345e-03
5.6491709,9.2173e-04
5.6500955,1.6278e-03
5.6517258,2.2395e-03
5.6539698,8.5080e-04
5.6548228,1.3333e-03
5.6561584,8.4657e-04
5.6570091,7.5668e-04
5.6577678,6.3115e-04
5.6584005,7.0537e-04
5.6591077,8.3134e-04
5.6599412,1.0005e-03
5.6609440,9.3889e-04
5.6618853,1.2941e-03
5.6631818,1.0787e-03
5.6642628,1.4736e-03
5.6657386,8.7867e-04
5.6666198,1.2901e-03
5.6679125,1.3633e-03
5.6692781,1.1748e-03
5.6704555,1.3527e-03
5.6718106,4.1219e-03
5.6759348,2.6282e-03
5.6785650,1.0400e-03
5.6796074,9.0379e-04
5.6805134,1.2906e-03
5.6818066,1.2966e-03
5.6831055,1.2235e-03
5.6843314,9.5269e-04
5.6852860,1.1408e-03
5.6864295,1.0331e-03
5.6874647,1.7812e-03
5.6892486,1.1734e-03
5.6904240,1.2509e-03
5.6916771,1.7884e-03
5.6934676,1.2008e-03
5.6946712,9.9621e-04
5.6956716,2.1924e-03
5.6978664,1.1455e-03
5.6990142,1.3892e-03
5.7004056,7.6268e-04
5.7011704,1.0898e-03
5.7022629,9.5429e-04
5.7032189,7.9141e-04
5.7040129,8.8390e-04
5.7048988,8.0507e-04
5.7057061,7.7166e-04
5.7064800,9.8182e-04
5.7074637,9.5438e-04
5.7084203,8.8930e-04
5.7093120,8.1267e-03
5.7174411,1.2025e-03
5.7186456,6.4953e-03
5.7251453,1.0943e-03
5.7262421,8.5318e-04
5.7270999,1.4798e-03
5.7285819,8.9618e-04
5.7294803,8.4626e-04
5.7303290,1.3814e-03
5.7317128,1.4606e-03
5.7331758,8.6613e-04
5.7340441,1.0457e-03
5.7350917,9.7697e-04
5.7360711,1.0713e-03
5.7371445,8.2092e-04
5.7379675,7.6691e-04
5.7387366,1.4208e-03
5.7401600,8.6780e-04
5.7410297,2.2138e-03
5.7432461,1.5820e-03
5.7448301,9.8165e-04
5.7458138,1.1692e-03
5.7469854,8.1812e-04
5.7478056,7.7545e-04
5.7485833,1.2187e-03
5.7498040,1.0774e-03
5.7508860,1.2933e-03
5.7521815,1.2970e-03
5.7534809,9.8092e-04
5.7544641,9.5914e-04
5.7554255,9.5580e-04
5.7563834,1.0094e-03
5.7573953,8.8998e-03
5.7662973,1.3777e-03
5.7676773,1.5093e-03
5.7691889,9.0496e-04
5.7700958,7.6143e-04
5.7708597,4.2541e-03
5.7751160,1.0171e-03
5.7761350,1.0847e-03
5.7772222,9.1296e-04
5.7781372,7.7635e-04
5.7789159,9.1424e-04
5.7798324,2.8106e-03
5.7826452,1.6574e-03
5.7843046,1.0460e-03
5.7853532,9.7431e-04
5.7863297,1.1307e-03
5.7874622,8.9664e-04
5.7883611,1.1176e-03
5.7894812,1.1264e-03
5.7906098,9.6183e-04
5.7915740,8.9487e-04
5.7924709,8.1152e-04
5.7932849,1.0239e-03
5.7943110,1.7096e-03
5.7960229,7.9382e-04
5.7968187,1.2875e-03
5.7981091,1.0680e-03
5.7991791,8.5827e-04
5.8000398,1.1046e-03
5.8011465,1.0571e-03
5.8022056,1.1343e-03
5.8033419,9.4143e-04
5.8042855,9.3054e-04
5.8052187,8.7060e-04
5.8060913,1.2697e-03
5.8073630,8.3684e-04
5.8082023,8.4992e-04
5.8090539,3.5330e-03
5.8125892,1.4123e-03
5.8140035,1.1990e-03
5.8152051,9.6019e-04
5.8161674,1.4616e-03
5.8176312,1.0881e-03
5.8187213,8.2359e-04
5.8195472,8.3568e-04
5.8203850,8.6318e-04
5.8212504,1.4023e-02
5.8352757,1.0965e-03
5.8363743,1.9987e-03
5.8383751,1.9164e-03
5.8402939,1.2437e-03
5.8415394,7.9533e-04
5.8423371,8.7903e-04
5.8432183,9.7309e-04
5.8441935,9.8025e-04
5.8451757,8.0502e-04
5.8459830,1.8805e-03
5.8478656,1.1663e-03
5.8490343,8.7637e-04
5.8499131,9.9309e-04
5.8509083,8.4168e-04
5.8517518,1.0161e-03
5.8527703,7.5093e-04
5.8535233,8.9466e-04
5.8544202,9.5158e-04
5.8553739,1.2612e-03
5.8566375,9.7252e-04
5.8576121,1.0709e-03
5.8586855,8.7337e-04
5.8595610,1.4566e-03
5.8610215,9.0969e-04
5.8619337,1.2729e-03
5.8632088,2.2963e-03
5.8655071,2.3979e-03
5.8679070,8.8542e-04
5.8687949,1.2574e-03
5.8700542,1.0230e-03
5.8710794,8.8384e-04
5.8719654,1.2168e-03
5.8731847,9.2612e-04
5.8741126,8.3948e-04
5.8749542,9.4376e-04
5.8759003,1.0201e-03
5.8769226,9.0678e-04
5.8778315,9.5216e-04
5.8787861,8.3032e-04
5.8796186,9.2147e-04
5.8805423,1.3091e-03
5.8818536,9.8246e-04
5.8828382,1.5071e-03
5.8843474,2.0107e-03
5.8863602,8.4365e-04
5.8872061,2.0720e-03
5.8892803,2.9066e-03
5.8921890,1.0375e-03
5.8932290,1.2390e-03
5.8944702,8.5031e-04
5.8953228,1.4927e-03
5.8968177,1.5583e-03
5.8983784,3.7288e-03
5.9021096,1.2047e-03
5.9033165,8.7125e-04
5.9041901,1.0019e-03
5.9051943,1.1698e-03
5.9063663,1.4021e-03
5.9077706,1.0859e-03
5.9088588,1.1541e-03
5.9100151,9.4171e-04
5.9109588,1.5481e-03
5.9125090,8.6581e-04
5.9133768,9.8814e-04
5.9143672,9.1574e-04
5.9152851,8.8996e-04
5.9161773,1.0071e-03
5.9171867,1.2496e-03
5.9184384,1.3994e-03
5.9198403,8.2966e-04
5.9206719,8.1808e-04
5.9214921,1.8416e-02
5.9399104,7.7903e-03
5.9477034,5.8615e-04
5.9482913,1.0306e-03
5.9493241,3.3042e-03
5.9526305,6.0700e-04
5.9532399,8.4625e-04
5.9540882,7.7025e-04
5.9548607,1.3523e-03
5.9562154,1.0243e-03
5.9572415,1.2157e-03
5.9584594,1.1876e-03
5.9596491,1.4098e-03
5.9610615,7.1126e-04
5.9617748,8.1717e-04
5.9625940,9.7672e-04
5.9635730,6.0786e-04
5.9641829,6.8261e-04
5.9648681,1.2996e-03
5.9661694,5.3246e-04
5.9667044,6.0433e-04
5.9673104,6.0707e-04
5.9679198,9.3357e-04
5.9688554,3.6954e-03
5.9725528,9.7646e-03
5.9823194,8.2791e-04
5.9831495,8.7266e-04
5.9840245,7.1713e-04
5.9847441,2.5483e-03
5.9872961,6.5463e-04
5.9879532,6.5656e-04
5.9886117,7.8279e-04
5.9893966,5.5368e-04
5.9899526,2.4888e-03
5.9924431,6.8339e-04
5.9931288,5.7576e-04
5.9937067,2.2496e-03
5.9959583,6.3615e-04
5.9965963,1.2837e-03
5.9978838,6.1598e-04
5.9985008,6.1605e-04
5.9991193,6.1822e-04
5.9997396,5.9483e-04
6.0003366,5.5288e-04
6.0008912,5.5674e-04
6.0014501,6.1384e-04
6.0020661,7.0645e-04
6.0027747,5.7821e-04
6.0033545,9.9360e-04
6.0043502,1.3440e-02
6.0177922,8.0318e-03
6.0258265,7.4458e-04
6.0265727,6.0442e-04
6.0271797,1.0903e-03
6.0282741,6.9956e-04
6.0289755,5.3512e-04
6.0295129,6.5333e-04
6.0301685,8.1602e-04
6.0309863,8.6967e-04
6.0318580,6.5367e-04
6.0325141,5.7169e-04
6.0330877,6.7101e-04
6.0337605,1.1863e-03
6.0349493,7.5699e-04
6.0357084,7.6185e-04
6.0364742,1.7642e-03
6.0382409,8.0630e-04
6.0390491,8.2963e-04
6.0398812,2.4176e-03
6.0423007,7.8125e-04
6.0430841,1.2754e-03
6.0443635,1.0500e-03
6.0454159,6.5591e-04
6.0460739,1.1511e-03
6.0472269,7.4450e-04
6.0479736,5.5839e-04
6.0485339,1.7983e-03
6.0503345,5.1411e-04
6.0508499,7.6089e-04
6.0516129,7.4346e-04
6.0523582,7.3669e-04
6.0530968,5.1127e-04
6.0536103,5.5255e-04
6.0541639,7.3920e-04
6.0549040,6.0605e-04
6.0555124,6.2167e-04
6.0561361,1.0383e-03
6.0571766,1.2475e-03
6.0584259,1.0725e-03
6.0595007,4.8263e-04
6.0599852,6.9501e-04
6.0606823,5.8791e-04
6.0612726,1.5704e-03
6.0628448,1.1273e-02
6.0741200,9.9404e-04
6.0751185,1.8396e-03
6.0769606,8.7426e-04
6.0778370,8.8229e-04
6.0787210,1.1038e-02
6.0897622,2.7422e-03
6.0925069,5.0562e-04
6.0930147,1.0973e-03
6.0941143,1.0985e-03
6.0952148,1.0198e-03
6.0962372,6.6557e-04
6.0969048,6.5359e-04
6.0975604,1.0672e-03
6.0986300,6.8255e-04
6.0993152,1.0420e-03
6.1003594,6.4557e-04
6.1010070,5.1665e-04
6.1015258,5.2281e-04
6.1020508,5.7780e-04
6.1026306,9.2467e-04
6.1035576,3.5182e-03
6.1070776,7.4494e-04
6.1078248,6.8960e-04
6.1085167,7.9425e-04
6.1093130,7.1416e-04
6.1100292,9.7082e-04
6.1110044,8.1239e-04
6.1118188,1.4826e-03
6.1133032,1.4894e-03
6.1147947,9.4164e-04
6.1157389,1.3444e-03
6.1170855,5.9725e-04
6.1176848,6.8272e-04
6.1183696,7.0994e-04
6.1190815,4.9565e-04
6.1195793,9.1384e-04
6.1204953,6.8155e-04
6.1211786,8.1926e-04
6.1220002,7.3014e-04
6.1227326,7.9957e-04
6.1235342,5.0586e-04
6.1240420,1.2610e-02
6.1366544,7.2446e-04
6.1373816,9.7196e-04
6.1383557,7.0405e-04
6.1390619,1.0082e-03
6.1400723,7.7890e-04
6.1408534,9.4150e-04
6.1417971,9.4597e-04
6.1427450,5.7544e-04
6.1433225,7.8294e-04
6.1441073,8.1479e-04
6.1449242,6.9151e-04
6.1456180,9.1635e-04
6.1465364,1.3929e-03
6.1479335,7.1327e-04
6.1486487,7.8501e-04
6.1494360,8.4110e-04
6.1502790,5.7773e-04
6.1508589,8.7778e-04
6.1517382,1.1897e-03
6.1529303,1.0025e-03
6.1539350,2.4810e-03
6.1564183,2.4586e-03
6.1588788,6.3947e-04
6.1595206,6.2030e-04
6.1601429,6.8780e-04
6.1608353,1.1726e-03
6.1620097,7.4939e-04
6.1627612,5.4178e-04
6.1633053,8.5626e-04
6.1641636,6.9792e-04
6.1648660,1.1683e-03
6.1660361,1.1160e-03
6.1671543,6.9586e-04
6.1678524,8.0458e-04
6.1686592,9.5657e-04
6.1696181,1.1194e-03
6.1707397,7.0553e-04
6.1714473,6.6378e-04
6.1721134,7.7795e-04
6.1728935,6.6672e-04
6.1735620,5.7892e-04
6.1741433,6.2439e-04
6.1747699,9.9595e-04
6.1757679,2.1805e-03
6.1779509,6.1678e-04
6.1785698,5.5801e-04
6.1791301,4.8771e-04
6.1796198,5.8154e-04
6.1802034,5.7368e-04
6.1807795,8.3237e-04
6.1816139,1.5661e-03
6.1831822,7.7284e-04
6.1839571,6.6146e-04
6.1846204,7.7130e-04
6.1853938,1.5419e-03
6.1869378,7.3734e-04
6.1876774,7.3717e-04
6.1884165,1.0414e-03
6.1894603,6.1116e-04
6.1900735,7.6967e-04
6.1908450,7.2612e-04
6.1915736,6.8116e-04
6.1922565,6.1493e-04
6.1928735,2.1472e-03
6.1950231,1.2809e-03
6.1963062,8.3873e-04
6.1971469,6.5718e-04
6.1978064,1.3857e-03
6.1991959,8.4115e-04
6.2000389,1.3076e-03
6.2013488,6.9120e-04
6.2020421,1.1556e-03
6.2031999,6.4226e-04
6.2038445,7.7397e-04
6.2046204,6.9348e-04
6.2053161,7.8062e-04
6.2060990,7.3225e-04
6.2068334,8.3298e-04
6.2076683,5.9608e-04
6.2082667,1.2190e-03
6.2094879,5.1662e-04
6.2100062,1.3913e-02
6.2239218,6.5316e-04
6.2245774,1.4179e-03
6.2259974,1.0257e-03
6.2270250,6.4089e-04
6.2276683,1.8075e-03
6.2294779,2.5243e-03
6.2320042,6.4445e-04
6.2326508,7.4149e-04
6.2333946,1.4778e-03
6.2348742,4.9735e-04
6.2353740,7.0926e-04
6.2360854,7.8324e-04
6.2368708,5.5784e-04
6.2374306,5.9040e-04
6.2380233,1.8133e-03
6.2398410,5.7660e-04
6.2404199,9.8966e-04
6.2414112,2.0213e-03
6.2434349,1.3221e-03
6.2447591,1.1401e-03
6.2459011,6.5527e-04
6.2465587,9.1939e-04
6.2474799,7.3515e-04
6.2482176,5.3335e-04
6.2487531,1.6402e-03
6.2503953,9.0831e-04
6.2513056,8.2252e-04
6.2521305,1.7589e-03
6.2538915,2.8160e-02
6.2820559,1.3650e-02
6.2957101,7.5637e-04
6.2964687,4.6057e-04
6.2969322,6.5002e-04
6.2975841,5.1392e-04
6.2981005,4.7766e-04
6.2985797,7.4814e-03
6.3060637,5.8381e-04
6.3066492,2.8833e-03
6.3095345,6.4481e-04
6.3101807,5.1420e-04
6.3107004,4.9618e-04
6.3111982,6.8626e-04
6.3118863,1.1562e-02
6.3234525,1.0495e-02
6.3339496,1.8689e-03
6.3358231,6.9630e-04
6.3365216,7.1821e-04
6.3372416,8.1724e-04
6.3380609,8.2277e-04
6.3388882,3.6170e-03
6.3425074,7.0023e-04
6.3432097,5.0347e-04
6.3437152,6.7331e-04
6.3443909,5.5895e-04
6.3449521,6.8709e-04
6.3456411,9.7161e-03
6.3553596,1.2089e-03
6.3565707,3.3219e-03
6.3598948,1.0737e-03
6.3609705,8.3723e-04
6.3618102,6.0141e-04
6.3624139,5.5578e-04
6.3629718,1.0841e-03
6.3640580,1.2709e-03
6.3653312,5.9950e-04
6.3659325,7.5616e-04
6.3666911,6.5231e-04
6.3673453,9.5226e-04
6.3682995,1.7457e-02
6.3857584,6.0761e-04
6.3863683,5.4902e-04
6.3869190,8.3174e-04
6.3877530,5.9105e-04
6.3883462,9.7306e-04
6.3893213,1.4637e-03
6.3907871,9.8655e-04
6.3917761,1.1273e-03
6.3929057,5.3512e-04
6.3934426,7.5894e-04
6.3942041,6.2188e-04
6.3948278,5.4850e-04
6.3953786,7.3942e-04
6.3961201,1.5509e-03
6.3976750,6.3640e-04
6.3983135,5.4180e-04
6.3988576,4.9433e-04
6.3993530,5.5708e-04
6.3999119,4.4634e-04
6.4003592,4.8746e-04
6.4008474,4.9900e-04
6.4013476,4.8214e-04
6.4018312,5.0713e-04
6.4023404,5.6985e-04
6.4029121,5.8019e-04
6.4034934,9.2116e-04
6.4044166,1.1201e-02
6.4156203,9.0356e-04
6.4165258,1.0354e-03
6.4175634,4.8393e-04
6.4180493,5.6219e-04
6.4186249,6.1741e-04
6.4192443,2.8450e-02
6.4477019,5.8123e-04
6.4482856,7.5494e-04
6.4490428,5.4188e-04
6.4495869,7.2201e-04
6.4503107,4.9073e-04
6.4508038,5.6360e-04
6.4513693,6.0486e-04
6.4519763,2.9828e-03
6.4549618,7.2818e-04
6.4556923,7.5833e-04
6.4564528,6.1012e-04
6.4570651,9.6705e-04
6.4580345,5.2825e-04
6.4585648,6.0666e-04
6.4591737,6.7370e-04
6.4598498,6.9598e-04
6.4605479,6.3518e-04
6.4611855,6.2990e-04
6.4618173,5.5992e-04
6.4623795,7.3428e-04
6.4631157,2.0501e-03
6.4651680,5.3319e-04
6.4657035,1.2067e-02
6.4777727,6.1832e-04
6.4783931,7.6474e-04
6.4791603,6.2852e-04
6.4797907,6.2287e-04
6.4804158,5.6733e-04
6.4809852,5.8574e-04
6.4815731,1.4468e-02
6.4960437,5.9185e-04
6.4966373,6.5601e-04
6.4972959,5.9506e-04
6.4978929,6.1167e-04
6.4985065,7.0092e-04
6.4992099,9.9811e-04
6.5002098,6.7143e-04
6.5008836,1.3517e-03
6.5022373,6.7671e-04
6.5029163,9.1994e-04
6.5038381,9.3089e-04
6.5047712,1.2968e-03
6.5060701,4.6799e-04
6.5065403,6.5418e-04
6.5071969,5.4098e-04
6.5077400,5.2956e-04
6.5082717,9.0326e-04
6.5091772,8.0381e-04
6.5099831,6.9962e-04
6.5106850,6.5453e-04
6.5113416,1.0243e-03
6.5123677,9.4143e-04
6.5133114,7.6371e-04
6.5140772,6.7309e-04
6.5147524,5.8929e-04
6.5153441,1.0140e-03
6.5163603,1.2027e-03
6.5175648,1.1131e-03
6.5186801,7.1758e-04
6.5194001,9.1506e-04
6.5203171,5.7580e-04
6.5208950,1.0398e-03
6.5219374,7.7424e-04
6.5227137,8.3526e-04
6.5235510,1.0113e-03
6.5245647,8.2980e-04
6.5253963,5.4213e-04
6.5259404,6.6681e-04
6.5266094,9.3405e-04
6.5275455,6.1267e-04
6.5281606,8.1271e-04
6.5289755,1.1264e-03
6.5301037,5.3369e-04
6.5306396,6.2920e-04
6.5312710,5.6178e-04
6.5318346,1.0177e-03
6.5328546,6.1922e-04
6.5334759,6.8319e-04
6.5341616,1.2536e-03
